File name:	ALC008
Date:	12/7/2000
UTM Grid Zone:	10S
"UTM-X, m:"	567306
"UTM-Y, m:"	4178221
Datum:	1927 NAD
"Elevation, m:"	1
"Total depth, m:"	30.45
"Water depth, m:"	1
City:	Alameda
County:	Alameda
State:	CA
USGS Quadrangle:	Oakland East
Cone No.:	660
Source:	USGS
"Surface horiz. offset (seismic source to CPT), m:"	0.96

Depth (m)	Tip Resistance (MN/m2)	Sleeve Friction (kN/m2)	Inclination (degree)	S-wave travel time (ms)
0.05	50.22	124.3	0.06	
0.1	101.98	254.6	0.05	
0.15	37.85	262.2	0.05	
0.2	20.87	208	0.04	
0.25	13.47	203	0.04	
0.3	13.48	339.3	0.07	
0.35	14.1	283.9	0.08	
0.4	12.8	296.6	0.07	
0.45	10.56	265.7	0.1	
0.5	7.14	195.1	0.26	
0.55	10.06	128.1	0.25	
0.6	10.43	89.7	0.23	
0.65	8.4	69.4	0.25	
0.7	6.55	61.1	0.27	
0.75	5.39	65.8	0.25
0.8	3.96	31.7	0.26
0.85	2.96	62.9	0.28
0.9	1.92	73.9	0.22
0.95	2.36	70.1	0.26
1	1.84	60.4	0.23
1.05	2.28	40	0.23
1.1	2.86	27.1	0.23
1.15	2.87	27.8	0.33
1.2	2.74	24.8	0.33
1.25	2.73	25.4	0.34
1.3	2.76	22	0.35
1.35	2.2	20.7	0.33
1.4	2.09	15.8	0.34
1.45	1.89	15	0.33
1.5	1.33	29.5	0.31
1.55	0.76	30.5	0.3	
1.6	0.74	28.4	0.3	
1.65	0.72	15.3	0.36	
1.7	0.99	21.7	0.35	
1.75	0.63	20.8	0.33	11.72
1.8	0.84	12.1	0.48	
1.85	0.6	3.7	0.47	
1.9	0.41	12	0.49	
1.95	0.11	9.5	0.47	
2	0.57	17.2	0.48	
2.05	-0.12	13.2	0.48	
2.1	0.46	12.6	0.51	
2.15	0.18	23.5	0.49	
2.2	0.76	27.8	0.48	
2.25	5.86	32.6	0.53	
2.3	3.96	40.8	0.53	
2.35	1.91	49.3	0.59
2.4	0.58	29.6	0.56
2.45	0.6	15.7	0.59
2.5	0.29	11.3	0.59
2.55	3.05	19.5	0.64
2.6	2.39	37.9	0.64
2.65	0.98	39.8	0.62
2.7	0.74	35.5	0.67
2.75	0.47	18.6	0.66
2.8	0.53	9.1	0.67
2.85	0.91	26.1	0.72
2.9	2.27	23.9	0.73
2.95	1.61	29.7	0.74
3	1.17	29.5	0.86
3.05	1.03	42.7	0.86
3.1	0.69	46.8	0.87
3.15	0.58	27.6	0.89
3.2	1.46	31.9	0.89
3.25	6.04	45.3	0.86
3.3	8.27	54.6	0.87
3.35	9.3	63.4	0.87
3.4	9.3	73.3	0.9
3.45	8.14	78.4	0.85
3.5	6.83	78.3	0.87
3.55	5.45	75.2	0.84
3.6	6.59	67.9	0.76
3.65	6.91	60.9	0.76
3.7	8.49	63.8	0.77
3.75	9.22	53.7	0.78	24.12
3.8	9.25	63.4	0.75
3.85	8.94	66.5	0.75
3.9	8.42	61	0.79
3.95	7.51	49.4	0.76	
4	7.05	47.5	0.78	
4.05	6.39	47.4	0.78	
4.1	5.94	48.4	0.77	
4.15	5.22	42.9	0.78	
4.2	3.9	38.1	0.81	
4.25	2.57	40.5	0.8	
4.3	1.53	28.6	0.81	
4.35	1.75	20.2	0.84	
4.4	1.65	15.7	0.82	
4.45	1.6	18	0.91	
4.5	1.22	5.9	0.87	
4.55	1.09	-0.2	0.93	
4.6	0.5	9.1	0.94	
4.65	0.33	2.4	0.88	
4.7	1.81	-2.2	0.85	
4.75	0.9	2.7	0.85
4.8	0.16	3.6	0.83
4.85	0.48	2.8	0.85
4.9	0.58	8.5	0.85
4.95	0.45	4.6	0.9
5	0.28	4.3	0.91
5.05	0.22	1.6	0.91
5.1	0.35	2.2	0.92
5.15	0.19	0.7	0.92
5.2	0.33	-2.1	0.93
5.25	0.26	0.1	0.95
5.3	0.04	1.4	0.95
5.35	0.18	1.2	0.98
5.4	0.26	5.1	0.98
5.45	0.3	7	1
5.5	1.4	12.3	1.04
5.55	1.93	20.1	1.04	
5.6	1.87	28.7	1.06	
5.65	1.4	30.7	1.06	
5.7	0.68	15.5	1.06	
5.75	0.21	3.2	1.07	38.16	
5.8	0	-3.1	1.14	
5.85	0.1	-0.2	1.15	
5.9	-0.16	-1.4	1.13	
5.95	0.18	6.5	1.15	
6	-0.06	4.9	1.14	
6.05	0.36	0.4	1.14	
6.1	0.33	-1.3	1.13	
6.15	0.1	3.7	1.13	
6.2	-0.12	1.3	1.13	
6.25	0.43	2.6	1.17	
6.3	0.09	0.2	1.12	
6.35	0.34	9.3	1.15
6.4	0.99	21.8	1.11
6.45	3.14	42.9	1.09
6.5	4.4	53.2	1.15
6.55	5.4	57.2	1.21
6.6	6.05	74	1.17
6.65	7.52	91.7	1.44
6.7	9.55	99.7	1.45
6.75	9.84	120.8	1.48
6.8	9.01	110.4	1.46
6.85	8.13	117.7	1.49
6.9	8.66	109.9	1.47
6.95	11.16	96.5	1.47
7	12.49	106.5	1.53
7.05	12.11	117.5	1.55
7.1	11.69	122	1.56
7.15	10.79	121.1	1.53
7.2	9.56	109.8	1.64
7.25	6.3	105.2	1.66
7.3	4.13	65.6	1.7
7.35	4.91	52.2	1.72
7.4	4.82	54.7	1.79
7.45	3.89	51.8	1.77
7.5	3.41	56.4	1.8
7.55	4.36	50.3	1.82
7.6	5.64	44.9	1.85
7.65	7.24	42.2	1.84
7.7	1.66	45.7	1.88
7.75	2.65	56.6	1.89	51.45
7.8	5.26	77.8	1.91
7.85	9.19	85.5	1.83
7.9	7.1	118.6	1.87
7.95	8.08	95.1	1.79	
8	12.44	108.4	1.75	
8.05	16.03	139	1.77	
8.1	17.62	162.9	1.73	
8.15	18.75	173.8	1.71	
8.2	18.34	171.7	1.69	
8.25	17.6	199.4	1.73	
8.3	17.1	226.4	1.72	
8.35	17.02	224.9	1.73	
8.4	17.5	196.5	1.73	
8.45	18.3	208	1.7	
8.5	20.04	237.4	1.7	
8.55	22.02	261	1.71	
8.6	23.12	291.8	1.71	
8.65	24.4	331.5	1.54	
8.7	24.67	352.9	1.45	
8.75	24.61	322.8	1.46
8.8	22.96	282.9	1.45
8.85	21.66	259.5	1.45
8.9	20.09	148.8	1.45
8.95	19.34	126.2	1.48
9	19.05	147.9	1.46
9.05	18.73	162.4	1.38
9.1	19.16	165.2	1.38
9.15	19.07	165.6	1.36
9.2	18.91	164.6	1.35
9.25	18.6	143.7	1.37
9.3	18.52	140.4	1.37
9.35	17.84	137.9	1.36
9.4	17.11	121.4	1.35
9.45	16.19	109.3	1.35
9.5	14.24	116.3	1.25
9.55	12.85	97.4	1.26	
9.6	13.03	77.6	1.27	
9.65	13.48	69.6	1.26	
9.7	14.27	82.7	1.27	
9.75	14.33	102	1.24	59.75
9.8	14.91	80.2	1.21	
9.85	15.06	65.6	1.19	
9.9	14.36	109.7	1.16	
9.95	13.86	127.9	1.15	
10	15.04	87	1.12	
10.05	13.22	31.6	1.11	
10.1	9.63	73.6	1.1	
10.15	7.48	91.5	1.08	
10.2	7.36	77.3	1.06	
10.25	6.95	56.6	1.05	
10.3	5.59	43.9	1.05	
10.35	4.38	32.8	1.04
10.4	3.2	14.2	1.04
10.45	2.5	4.3	1.02
10.5	1.62	1.5	1.03
10.55	1.08	-0.7	1.03
10.6	1.1	3.2	1.02
10.65	0.95	7.9	0.97
10.7	1.19	12.9	0.97
10.75	1.17	18.4	0.92
10.8	1.15	11.9	0.91
10.85	1.28	24.1	0.92
10.9	1.15	26.9	0.92
10.95	1.24	31.2	0.9
11	1.23	37.6	0.91
11.05	1.31	46.1	0.89
11.1	1.39	49	0.82
11.15	1.81	48.8	0.82
11.2	1.88	48.7	0.82
11.25	1.73	45.1	0.78
11.3	1.95	50.2	0.77
11.35	2.29	58.8	0.77
11.4	3.08	74.8	0.73
11.45	3.45	101	0.67
11.5	3.73	131.7	0.67
11.55	3.84	163.9	0.66
11.6	3.7	147.7	0.67
11.65	3.41	136.9	0.66
11.7	3.11	136.2	0.66
11.75	2.81	135.1	0.66	67.75
11.8	2.53	114.1	0.67
11.85	2.36	118	0.66
11.9	2.62	116	0.66
11.95	2.69	125.8	0.66	
12	2.69	136.7	0.51	
12.05	2.69	122.1	0.48	
12.1	2.65	125.3	0.48	
12.15	2.81	127.6	0.48	
12.2	2.71	138.6	0.46	
12.25	2.59	130.1	0.44	
12.3	2.41	113.3	0.45	
12.35	2.36	105	0.44	
12.4	2.68	90	0.45	
12.45	2.7	93.7	0.46	
12.5	2.71	98.2	0.44	
12.55	2.64	101.7	0.44	
12.6	2.41	98.4	0.44	
12.65	2.3	92.8	0.39	
12.7	2.36	84.1	0.4	
12.75	2.01	74.2	0.39
12.8	1.84	55.7	0.4
12.85	2.27	52.9	0.4
12.9	2.39	60.5	0.41
12.95	2.69	64.7	0.41
13	2.72	77.4	0.41
13.05	3.12	81.3	0.46
13.1	3.36	78.5	0.44
13.15	3.05	77.5	0.45
13.2	3.31	80.5	0.46
13.25	3.33	80.3	0.45
13.3	3.38	87	0.45
13.35	3.39	95.2	0.44
13.4	3.1	95	0.45
13.45	3.06	100.4	0.44
13.5	2.89	101.6	0.43
13.55	2.46	70.6	0.44	
13.6	2.17	42.8	0.44	
13.65	2.01	29.3	0.45	
13.7	1.75	14.8	0.45	
13.75	1.51	16.9	0.46	75.79
13.8	1.46	11.7	0.45	
13.85	1.49	20.5	0.49	
13.9	1.41	24.1	0.5	
13.95	1.62	41.1	0.5	
14	1.7	32.4	0.54	
14.05	1.53	22.2	0.54	
14.1	1.45	15.8	0.54	
14.15	1.35	16.5	0.56	
14.2	1.43	16.9	0.55	
14.25	1.67	20.4	0.55	
14.3	1.88	20.4	0.55	
14.35	1.84	22.8	0.56
14.4	1.92	30.1	0.56
14.45	2.16	50.1	0.57
14.5	2.52	73.2	0.58
14.55	2.58	82.5	0.61
14.6	2.88	73.3	0.61
14.65	2.69	64.2	0.64
14.7	2.66	53.5	0.65
14.75	2.47	55	0.66
14.8	2.23	50.8	0.65
14.85	2.23	64.8	0.67
14.9	2.38	86.3	0.68
14.95	2.35	84.2	0.74
15	2.27	78.5	0.74
15.05	2.47	89.2	0.74
15.1	2.54	88.6	0.77
15.15	2.39	80.2	0.83
15.2	2.42	68.2	0.82
15.25	2.37	76	0.83
15.3	2.81	86.8	0.83
15.35	2.93	105.9	0.82
15.4	3.55	161.8	0.82
15.45	7.42	198.5	0.82
15.5	12.46	134.2	0.83
15.55	13.26	131.4	0.83
15.6	13.03	131	0.83
15.65	12.19	152.8	0.83
15.7	11.56	168.2	0.83
15.75	11.1	221	0.82
15.8	7.9	240	0.82	84.77
15.85	6.05	206.9	1.07
15.9	6.21	168.7	1.07
15.95	4.47	164.5	1.09	
16	4.4	141	1.07	
16.05	3.8	110.1	1.09	
16.1	2.86	94.3	1.1	
16.15	2.11	83.7	1.1	
16.2	1.91	70.7	1.16	
16.25	1.58	62	1.24	
16.3	1.52	54.5	1.27	
16.35	1.4	43.4	1.28	
16.4	1.37	30.4	1.29	
16.45	1.23	22.8	1.29	
16.5	1.28	25.1	1.3	
16.55	1.45	32.3	1.31	
16.6	1.5	36.3	1.32	
16.65	1.52	37	1.31	
16.7	1.47	37.6	1.31	
16.75	1.35	37	1.32
16.8	1.48	34.4	1.38
16.85	1.3	35.5	1.39
16.9	1.32	45	1.39
16.95	1.35	41.5	1.4
17	1.39	39.9	1.4
17.05	1.33	47.5	1.41
17.1	1.51	56.1	1.42
17.15	1.66	61.5	1.65
17.2	1.76	57.2	1.69
17.25	1.63	47.9	1.75
17.3	1.47	43.7	1.75
17.35	1.27	43.3	1.75
17.4	1.4	46.7	1.79
17.45	1.45	49.4	1.79
17.5	1.51	49.7	1.82
17.55	1.68	47.5	1.91	
17.6	1.65	53.1	1.9	
17.65	1.6	51.9	1.91	
17.7	1.32	45.9	1.92	
17.75	1.24	36.7	1.93	91.89
17.8	1.15	32.6	1.97	
17.85	1.31	34.3	1.97	
17.9	1.44	36.9	2	
17.95	1.64	64.2	2.01	
18	1.84	64.4	2	
18.05	2.12	53.6	2.02	
18.1	2.19	52.4	2.02	
18.15	2.1	63.3	2.02	
18.2	2.02	75.8	2.01	
18.25	1.88	73.4	2.01	
18.3	1.61	59.2	2.01	
18.35	1.47	39.1	2.01
18.4	1.45	30	2.5
18.45	1.57	30.5	2.43
18.5	1.43	34.7	2.47
18.55	1.57	32.2	2.49
18.6	1.54	19.9	2.47
18.65	1.28	13.8	2.48
18.7	1.18	11.4	2.48
18.75	0.99	5.2	2.51
18.8	0.96	32.2	2.52
18.85	0.98	106.6	2.53
18.9	6.33	125.2	2.57
18.95	8.45	153.6	2.58
19	8.06	175.3	2.62
19.05	8.07	185	2.63
19.1	7.45	212	2.64
19.15	9.83	197.4	2.66
19.2	11.93	189.2	2.71
19.25	12.95	284.3	2.71
19.3	9.86	300.6	2.7
19.35	6.03	293.2	2.65
19.4	6.39	123.8	2.64
19.45	4.97	92.1	2.61
19.5	3.32	157.9	2.65
19.55	6.45	152	2.65
19.6	5.42	142.4	2.66
19.65	4.09	150.9	2.72
19.7	7.71	108.4	2.72
19.75	5.34	128.6	2.68	100.88
19.8	4.48	192.6	2.79
19.85	4.68	140.3	2.82
19.9	8.88	149.1	2.83
19.95	5.53	105.7	2.86	
20	3.31	95.1	2.88	
20.05	3.57	74.2	2.9	
20.1	2.88	111.7	2.9	
20.15	5.07	109.4	3.03	
20.2	8.8	172.5	3.1	
20.25	12.29	249.3	3.12	
20.3	17.17	193.3	3.1	
20.35	22.8	139.1	3.11	
20.4	25.09	90.6	3.12	
20.45	21.96	94.1	3.13	
20.5	20.5	82.4	3.21	
20.55	20.54	72.3	3.22	
20.6	20.8	55.3	3.3	
20.65	18.25	62.7	3.29	
20.7	14.94	110.8	3.31	
20.75	15.04	116.9	3.45
20.8	17.15	69.2	3.52
20.85	16.51	51.6	3.55
20.9	15.63	52	3.56
20.95	16.1	50.8	3.57
21	16.24	41.9	3.56
21.05	16.78	30.7	3.49
21.1	14.34	61.9	3.51
21.15	9.98	150.9	3.5
21.2	5.91	131.9	3.51
21.25	3.35	105.1	3.47
21.3	2.62	45.9	3.44
21.35	2.14	33.8	3.41
21.4	1.79	24.6	3.42
21.45	1.86	21.5	3.4
21.5	1.77	19.2	3.4
21.55	2.01	28	3.4	
21.6	2.22	36.1	3.36	
21.65	2.08	38.3	3.36	
21.7	2.02	39.6	3.35	
21.75	2.03	35.4	3.3	107.91
21.8	1.77	34.4	3.26	
21.85	1.95	32.6	3.24	
21.9	1.98	28.9	3.24	
21.95	2.17	50.6	3.24	
22	2.22	65.9	3.23	
22.05	3.45	48.9	3.22	
22.1	3.3	50.5	3.24	
22.15	3.75	45.1	3.19	
22.2	4.25	23.5	3.24	
22.25	3.27	32.5	3.23	
22.3	2.6	37.2	3.23	
22.35	3.01	51.3	3.23
22.4	3.29	64.1	3.22
22.45	3.54	79.7	3.27
22.5	3.97	126.9	3.27
22.55	4.75	165.2	3.27
22.6	5.91	210	3.25
22.65	6.47	319	3.25
22.7	11.2	416.1	3.19
22.75	13.05	459	3.15
22.8	11.95	356.7	3.12
22.85	11.27	338.9	3.14
22.9	9.07	143.9	3.16
22.95	5.63	121.7	3.16
23	4.89	83	3.17
23.05	4.63	75.3	3.19
23.1	4.74	69.9	3.19
23.15	5.27	112.9	3.19
23.2	6.99	245.5	3.19
23.25	9.51	236.2	3.21
23.3	18.57	197.1	3.32
23.35	16.89	346.1	3.38
23.4	14.17	453.5	3.3
23.45	20.08	550.9	3.34
23.5	15.45	631.4	3.43
23.55	15.51	625.8	3.41
23.6	14.82	635.3	3.5
23.65	18.38	568.6	3.57
23.7	14.74	598.7	3.64
23.75	14.59	469.4	3.76	112.53
23.8	22.9	490	3.83
23.85	15.42	305.6	3.85
23.9	8.43	128.4	3.92
23.95	5.74	270	3.91	
24	4.11	207.8	4.08	
24.05	6.75	149.1	4.14	
24.1	3.83	80.6	4.08	
24.15	2.7	55.1	4.09	
24.2	3.22	25.8	4.05	
24.25	2.77	35.8	4.14	
24.3	2.98	41.4	4.12	
24.35	2.76	62.2	4.16	
24.4	3.29	76.9	4.16	
24.45	3.37	123.2	4.23	
24.5	4.62	146.4	4.25	
24.55	5.07	115.1	4.25	
24.6	3.67	96	4.24	
24.65	3.13	66.1	4.24	
24.7	2.81	64.2	4.24	
24.75	2.77	52.6	4.21
24.8	2.61	46	4.21
24.85	2.74	53.7	4.21
24.9	2.97	61.5	4.2
24.95	3.08	116.8	4.2
25	3.05	111.8	4.17
25.05	3.58	101.7	4.18
25.1	3.52	53.4	4.19
25.15	3	45.6	4.2
25.2	2.23	31.8	4.21
25.25	2.3	53.9	4.2
25.3	2.67	112.4	4.22
25.35	5.55	147.2	4.21
25.4	6.58	162.3	4.23
25.45	5.72	120	4.24
25.5	4.05	73.1	4.28
25.55	2.7	47.4	4.27	
25.6	2.54	23.2	4.27	
25.65	2.36	24	4.29	
25.7	2.14	18.1	4.28	
25.75	2.01	15.7	4.28	118.68
25.8	1.87	15.6	4.37	
25.85	2.01	15.6	4.39	
25.9	1.96	14.4	4.4	
25.95	2.14	37.3	4.4	
26	2.28	31	4.44	
26.05	2.53	35.4	4.64	
26.1	2.47	29.2	4.65	
26.15	3.03	16.3	4.65	
26.2	2.55	25.7	4.66	
26.25	2.54	32.5	4.69	
26.3	2.95	33.8	4.7	
26.35	3.23	29.8	4.71
26.4	2.31	23.1	4.72
26.45	2.06	14.7	4.73
26.5	2.04	14	4.82
26.55	1.81	14.9	4.84
26.6	2.11	16.8	4.83
26.65	2.04	17.1	4.85
26.7	2.05	15	4.85
26.75	1.96	13.5	4.87
26.8	1.98	18.2	4.91
26.85	1.9	21.9	4.93
26.9	1.87	18	4.96
26.95	1.81	16.2	5.01
27	1.88	18	5.02
27.05	1.78	22.5	5.01
27.1	1.84	24.2	5.09
27.15	1.86	26.4	5.1
27.2	1.88	27.7	5.1
27.25	1.97	21.8	5.1
27.3	2.12	53.2	5.08
27.35	2.68	112.4	4.99
27.4	7.3	127.4	4.83
27.45	6.32	119.2	4.83
27.5	4.94	69.7	4.82
27.55	3.79	39.3	4.8
27.6	2.88	18.2	4.8
27.65	2.62	15.9	4.71
27.7	2.61	22.9	4.7
27.75	2.81	34.5	4.7	125.32
27.8	2.83	43.7	4.73
27.85	3.06	44.7	4.74
27.9	2.88	45.6	4.76
27.95	3.12	46.8	4.76	
28	3.06	67.2	4.77
28.05	3.5	75.1	4.8	
28.1	3.48	70.8	4.79	
28.15	3.09	67.1	4.8	
28.2	3.2	43	4.81	
28.25	3.53	52.9	4.8	
28.3	3.73	67.3	4.83	
28.35	3.87	83.8	4.88	
28.4	4.12	107.5	4.9	
28.45	4.21	185.7	4.94	
28.5	6.51	245.1	4.9	
28.55	6.69	407.1	4.93	
28.6	12.83	657.8	5.03	
28.65	15.28	833.3	5.08	
28.7	10.52	486.5	5.14	
28.75	5.63	217.5	5.16
28.8	3.88	115.9	5.18
28.85	3.28	97.6	5.17
28.9	3.46	86.9	5.34
28.95	3.35	95.9	5.49
29	3.11	87.1	5.55
29.05	2.81	86	5.56
29.1	2.98	89.8	5.57
29.15	3.12	89.7	5.56
29.2	3.09	85	5.56
29.25	2.98	78.7	5.57
29.3	2.9	69.1	5.56
29.35	2.92	64.6	5.55
29.4	3	70.2	5.53
29.45	3.19	66.3	5.46
29.5	3.06	83.4	5.45
29.55	4.5	96.5	5.39	
29.6	5.32	100.2	5.33	
29.65	5.65	150	5.32	
29.7	5.71	193.1	5.28	
29.75	7.66	205.2	5.28	133.75
29.8	7.83	189.1	5.27	
29.85	7.67	176.7	5.27	
29.9	6.88	286.5	5.27	
29.95	9.5	444.7	5.27	
30	15.55	425.7	5.33	
30.05	12.53	602.6	5.32	
30.1	15.77	746.3	5.39	
30.15	16.88	829.9	5.39	
30.2	20.55	748.9	5.4	135.15
30.25	21.34	856.5	5.41	
30.3	22.48	664.3	5.45	
30.35	28.93	506.3	5.54	
30.4	27.21	-32768	5.52	
30.45	37.68	-32768	5.51	
