File name:	ALC032
Date:	2/6/2001
UTM Grid Zone:	10S
"UTM-X, m:"	563556
"UTM-Y, m:"	4181051
Datum:	1927 NAD
"Elevation, m:"	3.7
"Total depth, m:"	13.55
"Water depth, m:"	1.6
City:	Alameda
County:	Alameda
State:	CA
USGS Quadrangle:	Oakland West
Cone No.:	660
Source:	USGS
"Surface horiz. offset (seismic source to CPT), m:"	0.96

Depth (m)	Tip Resistance (MN/m2)	Sleeve Friction (kN/m2)	Inclination (degree)	S-wave travel time (ms)
0.05	130	577.5	0.16	
0.1	125	986.4	0.51	
0.15	106	1154	0.69	
0.2	74.35	944.8	0.6	
0.25	72.1	1149	0.68	
0.3	57.89	1255	0.49	
0.35	51.26	728.9	0.57	
0.4	27.17	507.2	0.48	
0.45	21.75	373.8	0.42	
0.5	19.05	298.7	0.43	
0.55	16.69	240	0.42	
0.6	14.89	185.6	0.42	
0.65	13.1	144.8	0.41	
0.7	11.95	116.9	0.4	
0.75	10.74	106.7	0.33
0.8	8.82	100.9	0.41
0.85	8.08	90.8	0.29
0.9	7.66	82.8	0.31
0.95	7.36	78.1	0.32
1	7.25	75	0.3
1.05	7.27	70.7	0.33
1.1	7.49	75.1	0.32
1.15	7.59	82	0.3
1.2	7.33	81.2	0.28
1.25	6.62	70.7	0.29
1.3	5.94	60.2	0.28
1.35	5.19	51.6	0.31
1.4	4.7	42.1	0.31
1.45	4.26	38.3	0.3
1.5	3.92	40.1	0.3
1.55	3.61	36.5	0.3	
1.6	3.25	38.6	0.3	
1.65	2.87	69.3	0.31	
1.7	2.79	79.8	0.31	
1.75	4.51	135.2	0.48	8.15	
1.8	5.8	229.1	0.47	
1.85	7.44	279.6	0.46	
1.9	8.86	323.5	0.49	
1.95	9.88	254	0.5	
2	9.04	282.6	0.54	
2.05	10.84	329.6	0.67	
2.1	11.16	344.6	0.7	
2.15	11.36	358.9	0.75	
2.2	10.93	382.4	0.81	
2.25	8.8	300.3	0.91	
2.3	7.51	243.5	0.97	
2.35	7.46	277.1	1.04
2.4	9.27	263.7	1.11
2.45	7.56	274.1	1.18
2.5	10.61	316.5	1.19
2.55	16.36	469.5	1.31
2.6	16.96	564	1.36
2.65	16.64	607.5	1.37
2.7	19.75	634.6	1.37
2.75	23.06	591.7	1.37
2.8	21.27	550.4	1.36
2.85	17.69	442.5	1.31
2.9	15.93	286	1.31
2.95	11.08	235	1.34
3	5.71	183.9	1.35
3.05	3.99	184.2	1.43
3.1	5.97	218.5	1.43
3.15	7.93	312.9	1.39
3.2	9.82	375.1	1.38
3.25	12.57	458.7	1.45
3.3	15.25	511.1	1.44
3.35	15.88	441.2	1.41
3.4	20.1	342.9	1.4
3.45	21.38	324.5	1.39
3.5	20.66	367.3	1.4
3.55	19.02	359.6	1.4
3.6	17.91	339.1	1.42
3.65	16.06	306.2	1.44
3.7	15.05	189.1	1.44
3.75	14.7	149.1	1.43	15.44
3.8	13.83	190.6	1.43
3.85	13.91	251.8	1.4
3.9	15.01	244.8	1.35
3.95	16.95	157.4	1.31	
4	15.8	288.7	1.26	
4.05	16.28	343.7	1.23	
4.1	22.51	344	1.22	
4.15	25.79	322.1	1.21	
4.2	24.27	329.9	1.2	
4.25	20.49	340	1.19	
4.3	18.41	340.5	1.15	
4.35	16.63	276.3	1.15	
4.4	15.79	216.5	1.14	
4.45	15.56	178.7	1.14	
4.5	15.65	171.1	1.07	
4.55	14.84	219.5	1.08	
4.6	15.43	260.7	1.08	
4.65	15.56	198.4	1.07	
4.7	15.37	136.7	1.07	
4.75	13.79	168.8	1.08
4.8	15.69	113.3	1.07
4.85	15.61	105.9	1.07
4.9	14.95	147	1.07
4.95	14.94	222.2	1.09
5	14.95	297.1	1.09
5.05	15	337.2	1.12
5.1	15.92	339.5	1.12
5.15	16.66	334.6	1.16
5.2	17.38	333	1.16
5.25	17.56	338.6	1.18
5.3	16.93	345.4	1.19
5.35	15.33	309	1.2
5.4	13.74	275.7	1.24
5.45	13.41	304.4	1.25
5.5	14.26	380.9	1.24
5.55	16.08	454.3	1.25	
5.6	19.01	491.9	1.26	
5.65	19.97	423	1.27	
5.7	20.97	408.8	1.27	
5.75	21.9	420.4	1.28	21.72
5.8	21.15	472.5	1.28	
5.85	22.2	513.1	1.31	
5.9	24.75	492.2	1.32	
5.95	26.75	263.6	1.36	
6	27.67	349.2	1.38	
6.05	28.11	384.1	1.39	
6.1	29.95	460.3	1.4	
6.15	30.25	501.4	1.41	
6.2	29.81	482.6	1.41	
6.25	28.59	450.4	1.48	
6.3	26.74	381.2	1.49	
6.35	26.33	401.2	1.5
6.4	27.72	409.7	1.5
6.45	27.75	343.8	1.51
6.5	28.97	314.7	1.52
6.55	29.32	327.3	1.53
6.6	27.96	323.4	1.49
6.65	27.14	313.2	1.61
6.7	27.39	262.7	1.64
6.75	27.05	283.9	1.63
6.8	27.66	303.4	1.65
6.85	28.4	258.2	1.64
6.9	28.9	309.1	1.65
6.95	26.83	371.8	1.67
7	28.66	326.4	1.67
7.05	27.44	306.6	1.67
7.1	28.08	372.8	1.71
7.15	29.89	508	1.73
7.2	34.04	651.2	1.78
7.25	36.71	729.8	1.8
7.3	36.69	753.3	1.87
7.35	34.56	672.7	1.88
7.4	33.41	551.4	1.9
7.45	33.59	529.3	1.97
7.5	34.65	574.7	1.97
7.55	32.79	535.9	1.98
7.6	29.74	351.4	1.99
7.65	27.07	246.5	2.09
7.7	26.15	209.5	2.11
7.75	27.21	153.2	2.12	29.01
7.8	25.41	226.9	2.18
7.85	22.99	213.9	2.24
7.9	21.78	179.1	2.25
7.95	21.28	146.6	2.4	
8	21.83	160.1	2.41	
8.05	22.18	196.1	2.46	
8.1	24.05	294.4	2.53	
8.15	22.45	334.1	2.61	
8.2	18.82	317.2	2.66	
8.25	16.8	224	2.66	
8.3	16.82	173.4	2.75	
8.35	16.51	250.5	2.77	
8.4	16.11	325.1	2.78	
8.45	15.99	342.9	2.79	
8.5	14.72	217	2.9	
8.55	12.06	124.4	2.92	
8.6	9.97	159.3	3.19	
8.65	8.43	133.4	2.85	
8.7	8.94	84.9	3.01	
8.75	8.03	29.1	3.01
8.8	6.77	24.6	3.01
8.85	4.89	46.3	3.01
8.9	5.53	85.9	3
8.95	9.48	148.8	3
9	12.77	195.5	3.01
9.05	15.27	175.2	3.01
9.1	16.56	220.3	3.01
9.15	17.76	247.7	3.01
9.2	18.4	254.8	3.01
9.25	18.4	250.6	3.01
9.3	18.28	268.8	3.02
9.35	18.3	278.5	3.02
9.4	18.76	256.5	3.02
9.45	19.52	221.9	3.02
9.5	19.74	272.3	3.03
9.55	19.64	324.3	3.03	
9.6	19.82	364.9	3.02	
9.65	20.72	344.7	3.03	
9.7	21.43	361.9	3.03	
9.75	20.26	201.5	3.38	36.29	
9.8	19.36	376.5	3.38	
9.85	20.98	514.1	3.35	
9.9	24.14	441.9	3.36	
9.95	25.56	284.4	3.37	
10	24.36	445.1	3.36	
10.05	23.96	548	3.38	
10.1	26.31	586.1	3.41	
10.15	28.06	565.5	3.48	
10.2	27.28	505	3.52	
10.25	24.22	370.6	3.51	
10.3	18.24	277.1	3.63	
10.35	10.83	177.3	3.22
10.4	6.71	76.4	3.37
10.45	4.87	42.1	3.88
10.5	4.56	40.6	3.7
10.55	4.43	50.8	4.11
10.6	4.68	59.7	3.86
10.65	4.8	44.5	3.69
10.7	5.12	45.1	4.06
10.75	5.23	65.3	4.01
10.8	5.87	87.5	4.08
10.85	6.84	120.8	4.11
10.9	7.05	105	3.79
10.95	6.6	84.8	3.95
11	5.96	83.7	3.97
11.05	6.24	89	3.99
11.1	7.09	87.7	3.99
11.15	8.07	92.5	4
11.2	9.15	136.6	4.01
11.25	10.24	185.2	4.01
11.3	11.38	221.7	4.02
11.35	11.88	256.5	4.02
11.4	12.7	289	4.13
11.45	13.97	270.3	4.13
11.5	14.08	188.3	4.13
11.55	12.09	143.3	4.14
11.6	8.98	152.5	4.17
11.65	6.83	163.8	4.21
11.7	5.91	139.7	4.2
11.75	5.27	133.1	4.2	44.28
11.8	5.01	195.1	4.19
11.85	6.88	344.4	4.25
11.9	10.4	479.3	4.23
11.95	12.22	527.7	4.23	
12	13.72	603.9	4.21	
12.05	14.17	600	4.23	
12.1	13.61	585.3	4.22	
12.15	14.92	690.2	4.22	
12.2	20.29	890.7	4.23	
12.25	20.32	981.6	4.24	
12.3	23.36	920.3	4.25	
12.35	24.37	878.4	4.32	
12.4	25.81	820.6	4.34	
12.45	22.33	711.1	4.35	
12.5	14.44	569.8	4.33	
12.55	16.63	502.1	4.25	
12.6	18.65	488.3	4.07	
12.65	19.23	579.3	4.4	
12.7	19.2	667	4.46	
12.75	16.86	572.2	4.24
12.8	16.01	657.9	4.32
12.85	16.26	615.2	4.43
12.9	12.58	393.3	4.22
12.95	9.43	394.1	3.91
13	17.64	614.6	4.61
13.05	20.6	759.5	4.52
13.1	21.88	847.2	4.55
13.15	25.91	871	4.73
13.2	29.52	921.7	4.73
13.25	31.49	899	4.74
13.3	32.85	887.5	4.79	49.13
13.35	29.8	936.6	4.83
13.4	28.5	998.7	4.9
13.45	28.75	1085.6	4.91
13.5	29.99	-32768	4.97
13.55	30.9	-32768	5.02	
