File name:	ALC017
Date:	1/24/2001
UTM Grid Zone:	10S
"UTM-X, m:"	560552
"UTM-Y, m:"	4181849
Datum:	1927 NAD
"Elevation, m:"	1.5
"Total depth, m:"	50.75
"Water depth, m:"	0.6
City:	Alameda
County:	Alameda
State:	CA
USGS Quadrangle:	Oakland West
Cone No.:	660
Source:	USGS
"Surface horiz. offset (seismic source to CPT), m:"	0.96

Depth (m)	Tip Resistance (MN/m2)	Sleeve Friction (kN/m2)	Inclination (degree)	S-wave travel time (ms)
0.05	0.99	13	0.28	
0.1	2.46	23.1	0.09	
0.15	4.53	43.3	0.04	
0.2	6.62	23.3	0.05	
0.25	11.61	75.8	0.06	
0.3	11.12	94.1	0.12	
0.35	9.43	83.8	0.12	
0.4	9.58	86.3	0.15	
0.45	10.59	78.6	0.14	
0.5	11.35	75.4	0.14	
0.55	11.28	80.2	0.16	
0.6	11.28	82	0.19	
0.65	10.63	79.9	0.19	
0.7	10.05	73.1	0.27	
0.75	9.76	73.2	0.26
0.8	9.28	67.9	0.26
0.85	8.62	66.5	0.25
0.9	8.08	62.5	0.25
0.95	7.77	62.7	0.24
1	7.53	60.1	0.27
1.05	7.26	54.1	0.25
1.1	7.37	53.9	0.37
1.15	7.32	54.6	0.37
1.2	7.03	52	0.39
1.25	6.88	50	0.39
1.3	6.43	48.3	0.4
1.35	6.19	47.4	0.47
1.4	6.13	45	0.49
1.45	5.88	24	0.48
1.5	5.72	18.5	0.52
1.55	5.07	24.5	0.56	
1.6	4.89	30.5	0.55	
1.65	5.16	35.9	0.56	
1.7	5.27	38.9	0.55	
1.75	5.24	38.9	0.56	15.62	
1.8	5.21	39.4	0.57	
1.85	5.07	40.1	0.61	
1.9	4.98	39.1	0.63	
1.95	5.07	42.3	0.66	
2	5.15	43.8	0.69	
2.05	5.24	44.9	0.71	
2.1	5.38	43.4	0.71	
2.15	5.38	44	0.74	
2.2	5.71	44.4	0.74	
2.25	5.31	44.1	0.74	
2.3	5.1	43.1	0.75	
2.35	5.19	44.6	0.75
2.4	5.03	43.5	0.81
2.45	4.49	37.6	0.85
2.5	4.52	34.8	0.84
2.55	4	36.1	0.86
2.6	3.79	34.1	0.86
2.65	3.55	32.8	0.87
2.7	3.23	27.1	0.88
2.75	3.02	29.4	0.88
2.8	2.82	26.7	0.98
2.85	3.09	29.4	0.98
2.9	3.06	28.5	0.98
2.95	2.9	25.3	0.98
3	2.52	30	0.98
3.05	2.46	27.9	1.1
3.1	2.27	22.8	1.1
3.15	3.41	28.8	1.1
3.2	3.1	29.5	1.11
3.25	3.76	31.8	1.11
3.3	4.52	51.8	1.2
3.35	3.27	66.8	1.2
3.4	1.65	43.6	1.21
3.45	2	31	1.2
3.5	4.24	35.6	1.2
3.55	4.92	40.7	1.2
3.6	4.34	43.5	1.2
3.65	3.92	36.2	1.21
3.7	4.92	37.1	1.22
3.75	4.77	31.5	1.25	29.54
3.8	4.41	33.3	1.28
3.85	3.89	36.8	1.27
3.9	3.1	34.7	1.28
3.95	2.95	37	1.32	
4	2.19	40.4	1.33	
4.05	1.58	27.5	1.32	
4.1	1.79	23	1.33	
4.15	1.45	18.1	1.31	
4.2	0.85	16.8	1.32	
4.25	0.7	8.5	1.32	
4.3	0.54	2.5	1.35	
4.35	0.55	2.4	1.4	
4.4	0.63	3.7	1.48	
4.45	0.61	5.3	1.48	
4.5	0.43	8.2	1.49	
4.55	0.76	11.9	1.48	
4.6	2.18	14	1.49	
4.65	3.24	19.1	1.49	
4.7	3.02	22.7	1.49	
4.75	2.78	21.1	1.48
4.8	2.25	13.3	1.49
4.85	2.12	10.3	1.5
4.9	2.25	13	1.7
4.95	2.56	16.2	1.71
5	2.72	23.2	1.71
5.05	3.14	26.9	1.7
5.1	3.98	28.4	1.7
5.15	4.61	34.1	1.7
5.2	4.65	34	1.71
5.25	4.4	37.5	1.71
5.3	4.18	40.8	1.71
5.35	3.79	34.8	1.72
5.4	4.13	34.9	1.72
5.45	4.65	38.3	1.71
5.5	4.85	39.9	1.72
5.55	5.09	43.4	1.71	
5.6	4.94	44.9	1.72	
5.65	5	44	1.74	
5.7	4.75	41.6	1.8	
5.75	4.6	40.4	1.8	49.13
5.8	4.57	41.7	1.81	
5.85	4.57	43.4	1.84	
5.9	4.66	49.1	1.85	
5.95	4.78	39.1	1.85	
6	4.01	42.6	1.87	
6.05	4.98	43.8	1.86	
6.1	4.65	44.6	1.87	
6.15	4.47	40.6	1.86	
6.2	4.03	36.2	1.86	
6.25	3.79	34.8	1.86	
6.3	3.23	32.4	1.89	
6.35	2.69	16.1	1.9
6.4	2.62	9.7	1.9
6.45	2.04	6.9	1.89
6.5	2.1	6.4	1.88
6.55	1.89	7.5	1.91
6.6	1.97	14	2.01
6.65	1.68	12.5	2.01
6.7	1.78	14.7	2.02
6.75	1.84	12.6	2.03
6.8	2.47	9.6	2.02
6.85	3.09	18.7	2.07
6.9	2.85	20.6	2.09
6.95	2.32	18.1	2.09
7	2.16	18.7	2.09
7.05	2.5	19.8	2.09
7.1	2.64	26.1	2.08
7.15	2.64	32.7	2.09
7.2	2.64	29.9	2.08
7.25	3.62	31.5	2.08
7.3	4.12	40.1	2.09
7.35	3.78	39.6	2.09
7.4	3.21	38.3	2.1
7.45	3.25	26.4	2.23
7.5	2.96	26.5	2.26
7.55	2.51	26.8	2.24
7.6	1.8	20	2.24
7.65	1.47	12.6	2.34
7.7	1.31	6.9	2.32
7.75	0.9	6.9	2.33	58.35
7.8	0.92	7.2	2.34
7.85	1.18	2.2	2.33
7.9	1.34	-1.2	2.33
7.95	1.16	7.8	2.33	
8	0.96	13.9	2.33
8.05	1.18	12.7	2.43	
8.1	2.64	25.8	2.42	
8.15	2.82	31	2.43	
8.2	3.99	32.6	2.42	
8.25	3.7	42.7	2.43	
8.3	1.94	29.1	2.42	
8.35	0.98	13.1	2.41	
8.4	0.81	5.7	2.43	
8.45	0.77	1.5	2.4	
8.5	1.6	-0.7	2.4	
8.55	0.89	2.5	2.4	
8.6	0.5	5.8	2.39	
8.65	0.58	1.1	2.4	
8.7	2.13	4.4	2.37	
8.75	2.04	16.7	2.39
8.8	1.45	14.3	2.4
8.85	1.64	11.1	2.41
8.9	2.05	1.1	2.39
8.95	1.71	0.8	2.41
9	0.94	0.4	2.39
9.05	0.66	1.6	2.41
9.1	0.81	1.1	2.48
9.15	0.85	5	2.49
9.2	1.04	11.3	2.5
9.25	1.78	22.1	2.5
9.3	3.31	21.9	2.5
9.35	4.37	32.7	2.49
9.4	2.5	27.6	2.49
9.45	1.63	21.5	2.49
9.5	0.98	14	2.51
9.55	0.97	11.3	2.49	
9.6	0.82	9.4	2.51	
9.65	0.85	9	2.49	
9.7	0.92	9.4	2.49	
9.75	0.91	8.9	2.49	73.25
9.8	0.82	10.3	2.5	
9.85	0.89	9.3	2.48	
9.9	0.93	9.1	2.5	
9.95	1.01	11.2	2.49	
10	0.86	10.8	2.49	
10.05	0.81	8.1	2.5	
10.1	0.86	6.3	2.5	
10.15	0.85	6.6	2.49	
10.2	0.72	6.4	2.5	
10.25	0.75	5.9	2.5	
10.3	0.68	6.7	2.5	
10.35	0.69	8	2.51
10.4	0.84	7.5	2.5
10.45	0.75	5.8	2.48
10.5	0.77	6.5	2.48
10.55	0.79	6.9	2.47
10.6	0.77	6	2.48
10.65	0.93	7.7	2.47
10.7	0.87	7.1	2.47
10.75	0.89	5.9	2.49
10.8	0.84	6.4	2.5
10.85	0.98	7	2.48
10.9	0.92	6.4	2.48
10.95	0.76	6.4	2.49
11	0.79	6.1	2.5
11.05	0.86	6.1	2.65
11.1	0.84	6.2	2.65
11.15	0.91	6.7	2.64
11.2	0.85	9.5	2.65
11.25	0.89	10.5	2.64
11.3	0.85	9.2	2.65
11.35	0.97	8.2	2.64
11.4	0.94	10.3	2.65
11.45	0.84	15.8	2.59
11.5	1.39	35.3	2.54
11.55	3.8	22.4	2.56
11.6	15.36	73.3	2.55
11.65	11.09	165.6	2.48
11.7	17.68	212.3	2.47
11.75	14.97	199.7	2.48	90.69
11.8	14.41	171.5	2.49
11.85	12.63	144.3	2.48
11.9	9.74	116	2.49
11.95	8.37	105.3	2.5	
12	6.09	114.2	2.5	
12.05	5.61	109.2	2.5	
12.1	3.77	96.8	2.5	
12.15	5.29	106.3	2.88	
12.2	3.8	109.7	2.9	
12.25	2.09	77.3	2.96	
12.3	1.07	37.2	2.96	
12.35	0.95	8.3	2.96	
12.4	0.86	6.9	2.96	
12.45	0.93	7.3	2.99	
12.5	0.81	9.2	3.04	
12.55	0.93	9.6	3.03	
12.6	0.9	9.9	3.05	
12.65	0.9	10.1	3.05	
12.7	1.13	11.8	3.03	
12.75	1.01	11	3.03
12.8	1.1	9.6	3.04
12.85	1.03	11.9	3.2
12.9	0.92	11.9	3.21
12.95	0.95	11.1	3.22
13	0.87	11.1	3.23
13.05	0.99	9.9	3.21
13.1	0.77	10.1	3.24
13.15	0.96	7.9	3.23
13.2	0.89	14.3	3.33
13.25	1.61	28.9	3.32
13.3	2.86	47.3	3.31
13.35	1.5	37.9	3.32
13.4	1.08	18.5	3.32
13.45	0.86	8.7	3.34
13.5	0.85	30.2	3.51
13.55	2.27	39.1	3.51	
13.6	2.82	59.7	3.42	
13.65	2.26	71.3	3.38	
13.7	2.9	67.9	3.39	
13.75	1.76	71.7	3.39	130.93	
13.8	4.72	65.4	3.38	
13.85	8.27	96.3	3.4	
13.9	8.09	123.2	3.43	
13.95	5.37	149.7	3.61	
14	2.52	84.6	3.62	
14.05	2.49	73	3.62	
14.1	5.04	91.2	3.62	
14.15	2.82	88.5	3.64	
14.2	1.56	43.3	3.64	
14.25	1.33	17.2	3.65	
14.3	0.9	15	3.65	
14.35	1	9.1	3.66
14.4	1.05	9.1	3.66
14.45	0.98	8.7	3.65
14.5	0.9	9.9	3.67
14.55	0.94	8.4	3.67
14.6	1.06	9.7	3.82
14.65	0.94	9.3	3.85
14.7	1.02	10.2	3.84
14.75	0.9	11.9	3.86
14.8	0.82	7.1	3.86
14.85	1	6.8	3.87
14.9	0.83	9.4	3.87
14.95	0.8	8	3.89
15	1.02	8	3.9
15.05	1	8.9	3.88
15.1	0.91	7.8	3.9
15.15	1.02	8.2	3.97
15.2	0.88	8.1	3.93
15.25	0.92	7.7	3.94
15.3	0.97	6.7	3.93
15.35	1	6.3	4.06
15.4	0.81	7.1	4.08
15.45	0.88	7.8	4.07
15.5	0.91	6.6	4.1
15.55	0.91	8	4.1
15.6	0.9	8.3	4.1
15.65	1.04	8.6	4.1
15.7	1.05	8.3	4.12
15.75	0.85	9.7	4.14	117.13
15.8	0.86	11.7	4.17
15.85	1.02	10.7	4.16
15.9	1.1	8.7	4.22
15.95	0.86	11.9	4.24	
16	0.89	11.1	4.23	
16.05	1.01	10	4.27	
16.1	1.03	9.8	4.28	
16.15	0.85	7.9	4.29	
16.2	0.83	9.3	4.37	
16.25	0.97	10.2	4.35	
16.3	0.99	9.6	4.35	
16.35	0.83	9.7	4.38	
16.4	0.94	11.4	4.41	
16.45	0.89	14.6	4.44	
16.5	1.1	13.6	4.44	
16.55	1.04	12.9	4.44	
16.6	1.01	11.5	4.5	
16.65	0.85	10.9	4.52	
16.7	0.87	10.8	4.52	
16.75	0.95	9.7	4.54
16.8	1.14	9.5	4.54
16.85	1.02	8.6	4.56
16.9	1.13	8.6	4.56
16.95	1.03	8.8	4.56
17	0.97	10.5	4.58
17.05	0.83	10.6	4.61
17.1	0.93	10.2	4.6
17.15	0.93	10.4	4.61
17.2	1.06	10.4	4.66
17.25	0.91	12.2	4.68
17.3	1.1	11.4	4.67
17.35	0.91	10.9	4.69
17.4	1.07	9.3	4.67
17.45	0.97	7.8	4.69
17.5	1.03	8.5	4.69
17.55	1	7.2	4.72	
17.6	1.08	7.6	4.74	
17.65	0.99	7.9	4.73	
17.7	1.05	8.5	4.74	
17.75	1.08	10.7	4.74	132.72	
17.8	0.93	10.7	4.81	
17.85	1.09	9.1	4.89	
17.9	0.88	7.3	4.86	
17.95	0.91	6.6	4.82	
18	0.93	6.1	4.83	
18.05	0.94	8.1	4.83	
18.1	0.92	6.9	4.83	
18.15	0.94	8.6	4.83	
18.2	0.88	6.5	4.84	
18.25	1	7.7	4.85	
18.3	1.11	13.2	4.84	
18.35	1.12	13.3	4.85
18.4	1.15	9.5	4.84
18.45	1.05	7.6	4.84
18.5	0.84	7.3	4.86
18.55	1.07	7.2	4.85
18.6	0.96	7.9	4.87
18.65	0.98	8.7	4.88
18.7	0.9	7.7	4.88
18.75	1.12	8	4.87
18.8	0.88	7.5	4.87
18.85	0.88	9	4.89
18.9	0.93	10.4	4.89
18.95	1.09	9.6	4.96
19	1.16	6	4.95
19.05	0.88	6.8	4.97
19.1	1.02	8.8	4.96
19.15	0.9	1.7	4.98
19.2	1.04	8.7	4.97
19.25	0.65	7.5	4.99
19.3	1.02	7.6	4.98
19.35	1.03	8	4.99
19.4	1.03	6.1	4.99
19.45	0.9	8.7	5
19.5	1.12	13.1	4.98
19.55	1.17	14.5	4.99
19.6	1.12	12.9	5.01
19.65	1.15	6.7	5.01
19.7	1.05	7.1	5.02
19.75	0.97	10.2	5.02	146.79
19.8	1.06	9.6	5.01
19.85	0.98	7.3	5.03
19.9	1.13	6.5	5.02
19.95	1.01	9.3	5.02	
20	0.94	6	5.03	
20.05	0.99	13.8	5.19	
20.1	1.24	18.9	5.18	
20.15	1.11	25.9	5.19	
20.2	1.16	22.1	5.18	
20.25	1.13	20.8	5.2	
20.3	1.14	15.8	5.2	
20.35	1.14	16.9	5.2	
20.4	0.95	17.2	5.24	
20.45	1.13	17.3	5.23	
20.5	1.22	15.7	5.23	
20.55	1.07	13.5	5.25	
20.6	1.07	9.4	5.25	
20.65	1.06	8.9	5.27	
20.7	1.1	7	5.26	
20.75	1.05	7.4	5.27
20.8	1.04	6.2	5.26
20.85	1.01	6.3	5.27
20.9	1.11	7	5.26
20.95	1.14	5.8	5.26
21	0.93	5.9	5.29
21.05	1.1	6.2	5.27
21.1	1.05	7.7	5.28
21.15	1	7.6	5.3
21.2	1.05	6.7	5.38
21.25	1.16	7.6	5.37
21.3	1.09	5.8	5.38
21.35	1.2	6.1	5.37
21.4	1.03	7.4	5.38
21.45	0.98	7.4	5.4
21.5	1.09	8.9	5.4
21.55	0.97	8.4	5.4	
21.6	1.09	8.7	5.4	
21.65	1.19	9.1	5.39	
21.7	1.05	8.8	5.41	
21.75	1.14	7.4	5.4	162.58	
21.8	1.01	7.9	5.41	
21.85	0.99	8.4	5.41	
21.9	0.97	8.9	5.41	
21.95	1.1	1.1	5.42	
22	1.1	9.6	5.42	
22.05	0.79	10	5.46	
22.1	1.09	8.5	5.54	
22.15	1.04	7.7	5.56	
22.2	1.15	7.1	5.55	
22.25	1.12	8.6	5.66	
22.3	1.01	7.8	5.67	
22.35	1	8.2	5.66
22.4	1.05	9.4	5.66
22.45	1.03	10.7	5.67
22.5	1.21	9.1	5.65
22.55	1.04	8.8	5.67
22.6	1.01	9.6	5.67
22.65	1.18	8.3	5.66
22.7	1.14	8	5.67
22.75	1.02	9.2	5.67
22.8	1.11	9.5	5.66
22.85	1.19	9.3	5.66
22.9	1.14	9	5.67
22.95	0.99	8.2	5.69
23	1.21	9.1	5.67
23.05	1.08	7.2	5.68
23.1	1.14	7.6	5.7
23.15	1.11	8	5.69
23.2	1.17	9.1	5.69
23.25	1.14	7.2	5.83
23.3	0.99	8.3	5.79
23.35	1.24	7.6	5.78
23.4	1.25	9	5.83
23.45	1.09	9.5	5.85
23.5	1.19	9.6	5.85
23.55	1.05	9.7	5.88
23.6	1.18	9.9	5.87
23.65	1.24	9.9	5.86
23.7	0.99	8.7	5.88
23.75	1.06	11.3	5.88	177.58
23.8	1.27	9.7	5.87
23.85	1.16	11	5.88
23.9	1.06	9.4	5.88
23.95	1.33	10.5	5.86	
24	1.08	8.9	5.91	
24.05	1.29	8.9	5.98	
24.1	1.22	9.8	5.97	
24.15	1.15	9.6	5.99	
24.2	1.07	9.1	5.99	
24.25	1.24	10.1	5.97	
24.3	1.21	10.4	5.98	
24.35	1.15	12.6	6.01	
24.4	1.17	12.2	6.05	
24.45	1.21	10.5	6.01	
24.5	1.19	9.4	6.01	
24.55	1.35	10.2	5.99	
24.6	1.05	11.8	6.01	
24.65	1.28	8.8	6	
24.7	1.15	9.1	6.05	
24.75	1.22	8.6	6.04
24.8	1.24	8.7	6.06
24.85	1.14	7.6	6.07
24.9	1.23	8.2	6.07
24.95	1.07	9.7	6.08
25	1.28	9.6	6.06
25.05	1.13	10.1	6.08
25.1	1.25	12.2	6.07
25.15	1.28	10.7	6.07
25.2	1.34	11	6.08
25.25	1.27	11.9	6.08
25.3	1.08	11.8	6.1
25.35	1.21	12.4	6.23
25.4	1.2	11	6.24
25.45	1.32	11	6.26
25.5	1.3	11	6.19
25.55	1.25	10.2	6.2	
25.6	1.22	11.1	6.2	
25.65	1.26	9.8	6.26	
25.7	1.35	10.3	6.25	
25.75	1.3	9	6.27	191.27
25.8	1.29	8	6.27	
25.85	1.31	11.3	6.27	
25.9	1.21	12.5	6.3	
25.95	1.37	14.5	6.3	
26	1.15	15.1	6.33	
26.05	1.28	15.8	6.38	
26.1	1.32	14.4	6.4	
26.15	1.57	18.1	6.39	
26.2	1.38	19.8	6.39	
26.25	1.55	22.7	6.39	
26.3	1.5	20.8	6.42	
26.35	1.26	16.2	6.44
26.4	1.3	9	6.43
26.45	1.35	6.6	6.46
26.5	1.32	5.9	6.47
26.55	1.42	4.5	6.48
26.6	1.1	3.8	6.56
26.65	1.1	2.8	6.55
26.7	1.43	4.8	6.53
26.75	1.08	5.9	6.55
26.8	1.16	5	6.57
26.85	1.23	3.3	6.56
26.9	1.22	2.5	6.55
26.95	1.1	5.6	6.57
27	1.31	13.6	6.54
27.05	1.53	35	6.54
27.1	2.36	49.2	6.53
27.15	3.04	30.7	6.53
27.2	3.63	20.3	6.52
27.25	3.64	39	6.54
27.3	4.19	49.8	6.68
27.35	5.48	71.4	6.69
27.4	7.57	69.2	6.73
27.45	11.88	67.8	6.73
27.5	12.05	94.1	6.74
27.55	10.38	114.1	6.72
27.6	8.18	180.7	6.78
27.65	4.43	163.5	6.77
27.7	2.73	97.6	6.76
27.75	2.21	45	6.75	202.99
27.8	1.54	28.7	6.78
27.85	1.75	21.8	6.77
27.9	1.6	24.1	6.78
27.95	1.58	32.7	6.78	
28	1.67	34.5	6.77	
28.05	1.82	40.8	6.76	
28.1	1.66	46.9	6.76	
28.15	1.79	48.7	6.75	
28.2	1.72	50.7	6.78	
28.25	1.76	54.9	6.77	
28.3	1.75	58.9	6.79	
28.35	1.72	57.9	6.79	
28.4	1.86	49	6.79	
28.45	1.89	46.7	6.77	
28.5	1.71	50	6.78	
28.55	1.62	46.9	6.79	
28.6	1.73	40.4	6.77	
28.65	1.73	36.3	6.8	
28.7	1.63	38.8	6.8	
28.75	1.71	41.7	6.79
28.8	1.74	50.2	6.8
28.85	1.76	57.2	6.84
28.9	1.84	60.6	6.86
28.95	1.77	57.6	6.86
29	1.64	51.3	6.87
29.05	1.81	45.9	6.87
29.1	1.66	46.6	6.93
29.15	1.77	44.3	6.94
29.2	1.92	43	6.93
29.25	1.73	42.1	6.95
29.3	1.71	40.9	6.97
29.35	1.67	42.7	6.98
29.4	1.77	42.3	6.96
29.45	1.75	42.8	7.07
29.5	1.75	41.3	7.07
29.55	1.72	42.5	7.11	
29.6	1.94	42.8	7.11	
29.65	1.82	39	7.13	
29.7	1.92	34.5	7.12	
29.75	1.7	34.3	7.15	216.11
29.8	1.76	35.8	7.22	
29.85	1.93	33.7	7.21	
29.9	2.11	34.6	7.2	
29.95	1.82	43.8	7.22	
30	2.18	44.4	7.28	
30.05	2.3	46.4	7.3	
30.1	2.22	48.6	7.35	
30.15	2.4	47.8	7.41	
30.2	2.33	48	7.41	
30.25	2.47	41.1	7.41	
30.3	2.41	42.6	7.4	
30.35	2.01	40.7	7.49
30.4	1.95	34.6	7.5
30.45	2.27	41.4	7.5
30.5	2.47	49.4	7.51
30.55	2.28	48.1	7.68
30.6	2.18	45.8	7.69
30.65	2.12	38	7.72
30.7	2.3	39.9	7.77
30.75	2.03	41.9	7.84
30.8	2	41.8	7.84
30.85	1.85	40.6	7.93
30.9	1.95	41.2	7.96
30.95	1.81	33.2	8.03
31	2.14	46.1	8
31.05	2.36	61.1	8.06
31.1	2.75	77.8	8.08
31.15	3.34	84.5	8.07
31.2	3.47	87.2	8.1
31.25	3.53	97.2	8.12
31.3	3.71	112	8.15
31.35	3.8	124.1	8.17
31.4	3.61	113.2	8.17
31.45	3.38	90.2	8.17
31.5	3.27	86	8.25
31.55	3.3	81	8.27
31.6	3.05	87.8	8.29
31.65	2.91	87.8	8.28
31.7	3.02	86	8.28
31.75	2.81	78.8	8.31	226.48
31.8	2.57	74.2	8.42
31.85	2.56	61.4	8.44
31.9	2.47	55	8.48
31.95	2.66	73.9	8.46	
32	2.74	81.8	8.47
32.05	2.73	81.2	8.47	
32.1	2.67	65.6	8.45	
32.15	2.42	52	8.45	
32.2	2.39	51.4	8.45	
32.25	2.54	56.1	8.46	
32.3	2.55	55.7	8.46	
32.35	2.53	48.7	8.47	
32.4	2.55	58.7	8.47	
32.45	2.65	66.4	8.48	
32.5	2.55	67.3	8.49	
32.55	2.59	62.7	8.5	
32.6	2.62	65.6	8.49	
32.65	2.66	75.6	8.51	
32.7	2.76	82.3	8.5	
32.75	2.92	91	8.51
32.8	3.17	89.3	8.51
32.85	3.11	92.1	8.57
32.9	3.26	89.8	8.55
32.95	3.14	90.9	8.57
33	2.87	87.9	8.58
33.05	2.87	81.6	8.58
33.1	2.91	84.8	8.69
33.15	3.01	75.1	8.68
33.2	2.85	73.6	8.71
33.25	3.15	69.7	8.69
33.3	2.8	65.4	8.71
33.35	2.93	63	8.68
33.4	2.71	58	8.69
33.45	2.89	55	8.69
33.5	2.71	53.1	8.71
33.55	2.78	34.4	8.69	
33.6	2.83	23.5	8.7	
33.65	2.4	55.1	8.75	
33.7	2.21	56.8	8.72	
33.75	2.73	62.3	8.73	234.81	
33.8	2.97	60.8	8.72	
33.85	2.65	58.7	8.74	
33.9	2.86	62.9	8.75	
33.95	2.95	73.1	8.74	
34	3.09	68.3	8.74	
34.05	3.3	71.5	8.72	
34.1	3.13	65.4	8.73	
34.15	3	64.9	8.76	
34.2	2.95	58.2	8.75	
34.25	2.79	47	8.76	
34.3	2.59	39.2	8.77	
34.35	2.46	38.1	8.77
34.4	2.51	39.6	8.77
34.45	2.42	42.1	8.79
34.5	2.36	48.6	8.78
34.55	2.44	48.2	8.77
34.6	2.66	45.9	8.76
34.65	2.43	42.8	8.76
34.7	2.56	43.5	8.75
34.75	2.38	43.5	8.76
34.8	2.43	41.9	8.76
34.85	2.66	54.7	8.76
34.9	2.5	50.6	8.76
34.95	2.55	45.8	8.75
35	2.37	43.2	8.76
35.05	2.44	42.8	8.86
35.1	2.25	37.2	8.88
35.15	2.34	31.4	8.87
35.2	2.07	31.7	8.88
35.25	2.36	30.2	8.86
35.3	2.4	28.6	8.86
35.35	2.45	32.4	8.87
35.4	2.23	32.1	8.96
35.45	2.44	32.7	8.95
35.5	2.22	5.1	8.97
35.55	2.2	35.9	8.98
35.6	1.59	34.9	9
35.65	2.27	34.7	8.99
35.7	2.22	30.9	9.02
35.75	2.35	29.1	9	244.53
35.8	2.15	28.8	9.04
35.85	2.29	30.8	9.06
35.9	2.44	35.2	9.08
35.95	2.28	37.4	9.09	
36	2.23	36.4	9.11
36.05	2.4	32.8	9.09	
36.1	2.36	29.2	9.11	
36.15	2.23	28	9.12	
36.2	2.19	30.5	9.15	
36.25	2.5	32.3	9.17	
36.3	2.3	32.2	9.2	
36.35	2.25	32.4	9.24	
36.4	2.38	30.8	9.23	
36.45	2.34	28.6	9.25	
36.5	2.46	29.1	9.25	
36.55	2.41	33.5	9.25	
36.6	2.36	35.9	9.29	
36.65	2.42	35.5	9.32	
36.7	2.51	27.9	9.31	
36.75	2.45	26.5	9.34
36.8	2.29	29.3	9.34
36.85	2.31	28.2	9.36
36.9	2.45	30	9.35
36.95	2.6	31.8	9.34
37	2.52	34.4	9.36
37.05	2.65	35.6	9.34
37.1	2.4	33.3	9.35
37.15	2.43	33.1	9.38
37.2	2.56	31.6	9.37
37.25	2.42	31.5	9.45
37.3	2.41	30.2	9.44
37.35	2.47	31.8	9.47
37.4	2.4	32.3	9.46
37.45	2.39	33.1	9.48
37.5	2.32	31.1	9.51
37.55	2.47	36.5	9.52	
37.6	2.49	34.8	9.51	
37.65	2.36	32.1	9.56	
37.7	2.56	30.8	9.55	
37.75	2.34	28.3	9.58	253.77	
37.8	2.24	26.1	9.59	
37.85	2.44	24.6	9.57	
37.9	2.53	26.7	9.58	
37.95	2.48	42.3	9.59	
38	2.55	41.2	9.58	
38.05	2.76	38.3	9.62	
38.1	2.61	33.5	9.61	
38.15	2.42	32.1	9.64	
38.2	2.32	29.7	9.63	
38.25	2.3	29.5	9.72	
38.3	2.22	27.6	9.73	
38.35	2.27	29.5	9.72
38.4	2.51	28.9	9.71
38.45	2.32	29.7	9.73
38.5	2.34	29.1	9.73
38.55	2.24	31.1	9.75
38.6	2.33	30	9.75
38.65	2.53	27.6	9.73
38.7	2.43	21.9	9.74
38.75	2.75	22.1	9.72
38.8	2.43	26.3	9.73
38.85	2.37	28	9.75
38.9	2.67	26.8	9.73
38.95	2.24	26	9.76
39	2.14	26.9	9.83
39.05	2.66	28.9	9.78
39.1	2.5	23.4	9.81
39.15	2.65	20.7	9.8
39.2	2.24	17.9	9.81
39.25	2.2	19.5	9.83
39.3	2.47	21.2	9.8
39.35	2.64	26.1	9.8
39.4	2.53	25.2	9.81
39.45	2.37	29.9	9.85
39.5	2.59	26.4	9.82
39.55	2.49	1.4	9.85
39.6	2.26	29.2	9.86
39.65	1.67	27.6	9.86
39.7	2.4	23.6	9.86
39.75	2.3	22.6	9.86	263.79
39.8	2.25	19.4	9.87
39.85	2.36	19.3	9.87
39.9	2.5	21.3	9.84
39.95	2.24	32	9.88	
40	2.59	33	9.83
40.05	2.56	30.7	9.91	
40.1	2.38	29.2	9.93	
40.15	2.63	29.4	9.91	
40.2	2.42	28.9	9.92	
40.25	2.43	28	9.94	
40.3	2.54	29.4	9.98	
40.35	2.54	30.3	9.96	
40.4	2.61	33.6	9.97	
40.45	2.64	38.4	9.97	
40.5	2.51	37.2	9.98	
40.55	2.45	32.9	10	
40.6	2.67	1	9.97	
40.65	2.43	37.3	9.98	
40.7	1.74	35.9	9.98	
40.75	2.47	31.3	9.98
40.8	2.54	30	9.98
40.85	2.97	37.1	9.95
40.9	3.44	45.7	9.96
40.95	2.76	51.3	10
41	2.8	40.3	9.99
41.05	2.73	44	9.99
41.1	2.87	111.9	10.03
41.15	5.55	112.5	10
41.2	3.34	87.1	10
41.25	2.93	37.6	9.88
41.3	2.74	28.8	9.86
41.35	2.49	28.4	9.88
41.4	2.64	28.3	9.85
41.45	2.46	27.7	9.87
41.5	2.56	28.1	9.86
41.55	2.62	26.8	9.84	
41.6	2.67	24.3	9.84	
41.65	2.77	26.7	9.84	
41.7	2.62	25.8	9.83	
41.75	2.51	23	9.84	273.77
41.8	2.55	21	9.82	
41.85	2.29	22.2	9.84	
41.9	2.5	21.4	9.8	
41.95	2.47	24.5	9.81	
42	2.46	24.8	9.79	
42.05	2.36	23.9	9.79	
42.1	2.42	22.8	9.77	
42.15	2.3	24.5	9.79	
42.2	2.46	24	9.78	
42.25	2.56	26.5	9.78	
42.3	2.31	26.9	9.79	
42.35	2.32	26.7	9.8
42.4	2.46	26	9.79
42.45	2.53	21.9	9.76
42.5	2.35	23	9.78
42.55	2.61	24.3	9.76
42.6	2.52	25.5	9.78
42.65	2.28	24.2	9.78
42.7	2.44	22.4	9.78
42.75	2.59	25.7	9.76
42.8	2.47	23.1	9.77
42.85	2.46	24.2	9.78
42.9	2.31	23.7	9.78
42.95	2.3	27.5	9.79
43	2.33	24.4	9.78
43.05	2.42	20.7	9.79
43.1	2.71	23.8	9.75
43.15	2.43	21.4	9.77
43.2	2.55	22.8	9.78
43.25	2.3	22.1	9.77
43.3	2.47	22.3	9.76
43.35	2.35	22.2	9.77
43.4	2.59	22.8	9.77
43.45	2.33	21.5	9.78
43.5	2.35	22.9	9.77
43.55	2.65	22.8	9.74
43.6	2.28	22.1	9.79
43.65	2.68	23.2	9.73
43.7	2.48	28.3	9.76
43.75	2.37	25.2	9.76	282.91
43.8	2.66	22.2	9.71
43.85	2.41	22.8	9.72
43.9	2.53	24.6	9.7
43.95	2.63	29.3	9.72	
44	2.45	27	9.72	
44.05	2.6	26.5	9.7	
44.1	2.49	22.2	9.72	
44.15	2.6	22.9	9.72	
44.2	2.49	23.1	9.72	
44.25	2.51	24.3	9.72	
44.3	2.61	24.1	9.7	
44.35	2.65	23.8	9.7	
44.4	2.52	21.8	9.69	
44.45	2.51	22.7	9.7	
44.5	2.53	20.6	9.69	
44.55	2.32	17.9	9.63	
44.6	2.51	21.1	9.64	
44.65	2.3	23.8	9.65	
44.7	2.59	29.6	9.63	
44.75	2.26	24.9	9.62
44.8	2.65	24.3	9.61
44.85	2.64	22.4	9.63
44.9	2.64	25.4	9.62
44.95	2.67	25.6	9.6
45	2.71	26.3	9.6
45.05	2.74	25.7	9.61
45.1	2.67	26.9	9.61
45.15	2.66	28	9.6
45.2	2.51	26.5	9.55
45.25	2.61	23.1	9.54
45.3	2.64	23.1	9.54
45.35	2.69	25.6	9.51
45.4	2.59	26.8	9.51
45.45	2.78	27.1	9.51
45.5	2.46	26.9	9.53
45.55	2.73	24.4	9.51	
45.6	2.68	27.5	9.52	
45.65	2.56	2.6	9.51	
45.7	2.55	26.2	9.53	
45.75	1.77	29.2	9.52	293.43
45.8	2.75	26.1	9.49	
45.85	2.73	27.5	9.5	
45.9	2.55	27	9.51	
45.95	2.72	1.6	9.48	
46	2.72	37.6	9.49	
46.05	1.94	34.9	9.49	
46.1	2.65	31.1	9.52	
46.15	2.71	27.4	9.49	
46.2	2.47	30.6	9.51	
46.25	2.64	29.2	9.5	
46.3	2.76	27.6	9.51	
46.35	2.45	25.2	9.51
46.4	2.77	26.7	9.5
46.45	2.76	28.1	9.5
46.5	2.8	28.5	9.5
46.55	2.6	28.4	9.52
46.6	2.58	28.2	9.53
46.65	2.54	28.7	9.52
46.7	2.61	27.9	9.52
46.75	2.81	33.6	9.49
46.8	2.71	33.2	9.48
46.85	2.49	27	9.45
46.9	2.66	25.9	9.45
46.95	2.56	25.4	9.45
47	2.75	27.8	9.45
47.05	2.63	27.6	9.44
47.1	2.7	28.3	9.45
47.15	2.78	26.6	9.44
47.2	2.85	28.2	9.44
47.25	2.75	28	9.44
47.3	2.58	27.9	9.45
47.35	2.69	26	9.43
47.4	2.76	26	9.44
47.45	2.73	27.7	9.43
47.5	2.75	27.8	9.43
47.55	2.65	28.3	9.45
47.6	2.67	25.1	9.43
47.65	2.67	25.7	9.45
47.7	2.7	2.1	9.44
47.75	2.66	30.1	9.46	300.2
47.8	1.97	32	9.44
47.85	2.66	30.2	9.45
47.9	2.57	26.3	9.45
47.95	2.92	32.8	9.43	
48	2.72	33.9	9.42	
48.05	2.61	30.3	9.45	
48.1	2.85	29	9.42	
48.15	2.73	26.4	9.42	
48.2	2.7	27.4	9.43	
48.25	2.64	29.5	9.44	
48.3	2.68	27	9.43	
48.35	2.84	28.7	9.44	
48.4	2.74	30.1	9.43	
48.45	2.86	29.1	9.43	
48.5	2.89	29.1	9.41	
48.55	2.66	28.7	9.44	
48.6	2.69	29.3	9.42	
48.65	2.63	27	9.43	
48.7	2.61	28.6	9.42	
48.75	2.83	33.8	9.43
48.8	2.82	31.4	9.43
48.85	2.79	31.8	9.44
48.9	2.67	30.2	9.45
48.95	2.79	27.1	9.45
49	2.71	27.2	9.44
49.05	2.81	29.3	9.45
49.1	2.71	30	9.46
49.15	2.81	27.6	9.44
49.2	2.59	25.3	9.45
49.25	2.74	25.1	9.44
49.3	2.8	26.7	9.44
49.35	2.7	28.6	9.47
49.4	2.93	30.1	9.47
49.45	2.82	27.8	9.46
49.5	2.86	28.5	9.46
49.55	2.73	30.5	9.46
49.6	2.84	32.7	9.46
49.65	2.77	30.2	9.46
49.7	2.87	27.2	9.46
49.75	2.72	24.8	9.44
49.8	2.77	26.4	9.46
49.85	2.67	27.7	9.46
49.9	2.7	27	9.42
49.95	2.76	25.9	9.41
50	2.74	26.9	9.42
50.05	2.75	26.2	9.41
50.1	2.78	25.5	9.4
50.15	2.66	26.3	9.43
50.2	2.7	28.6	9.42
50.25	2.78	25.7	9.43
50.3	2.67	24	9.44
50.35	2.79	25.1	9.42	
50.4	2.57	23	9.56	
50.45	2.67	23.8	9.57	
50.5	2.67	21.6	9.57	312.55
50.55	2.74	23	9.56	
50.6	2.63	24.1	9.58	
50.65	2.78	24.5	9.56	
50.7	2.66	-3768	9.57	
50.75	2.68	-3768	9.57	