File name:	ALC019
Date:	1/25/2001
UTM Grid Zone:	10S
"UTM-X, m:"	559470
"UTM-Y, m:"	4182468
Datum:	1927 NAD
"Elevation, m:"	1.5
"Total depth, m:"	24.15
"Water depth, m:"	1.4
City:	Alameda
County:	Alameda
State:	CA
USGS Quadrangle:	Oakland West
Cone No.:	660
Source:	USGS
"Surface horiz. offset (seismic source to CPT), m:"	0.96

Depth (m)	Tip Resistance (MN/m2)	Sleeve Friction (kN/m2)	Inclination (degree)	S-wave travel time (ms)
0.05	0.36	11.8	0.05	
0.1	3.15	27.7	0.04	
0.15	7.36	56.3	0.04	
0.2	5.82	62.8	0.06	
0.25	6.72	66.9	0.05	
0.3	7.77	64.9	0.04	
0.35	8.62	71.9	0.03	
0.4	9.19	76.6	0.05	
0.45	10.09	78.4	0.03	
0.5	11.3	65.2	0.04	
0.55	13.77	87.2	0.03	
0.6	13.95	104	0.03	
0.65	15.51	117.1	0.04	
0.7	16.12	120.6	0.05	
0.75	16.35	142.6	0.05
0.8	15.23	128	0.04
0.85	13.63	110.9	0.05
0.9	14.63	106.9	0.05
0.95	14.75	114	0.04
1	14.27	115.4	0.03
1.05	13.64	112.6	0.05
1.1	13.36	113.3	0.04
1.15	13.43	111.5	0.03
1.2	13.1	99.8	0.04
1.25	13.37	92	0.05
1.3	13.78	94.8	0.04
1.35	13.82	99.5	0.04
1.4	14.08	101.6	0.04
1.45	14.22	103.8	0.04
1.5	13.84	104.1	0.04
1.55	13.29	100.3	0.05	
1.6	13.01	101.6	0.04	
1.65	12.53	94.9	0.04	
1.7	12.07	87.4	0.04	
1.75	12.23	80.1	0.04	15.44	
1.8	12.38	86.5	0.04	
1.85	11.67	86.5	0.04	
1.9	11.21	86.6	0.05	
1.95	11.14	89.1	0.04	
2	10.84	88.4	0.03	
2.05	9.87	79.7	0.05	
2.1	9.66	76.2	0.05	
2.15	9.89	77.8	0.03	
2.2	9.64	78.8	0.03	
2.25	9.35	75.3	0.04	
2.3	9.48	73.1	0.05	
2.35	9.37	71.5	0.05
2.4	9.46	72.5	0.03
2.45	8.96	72.5	0.06
2.5	8.68	68	0.03
2.55	8.34	63.8	0.04
2.6	8.05	60.8	0.04
2.65	7.51	60.2	0.04
2.7	7.2	55.2	0.03
2.75	6.68	50.8	0.04
2.8	6.31	52.3	0.05
2.85	5.87	45.6	0.04
2.9	5.12	42.6	0.05
2.95	5.48	38.3	0.04
3	5.35	37.7	0.05
3.05	5.47	36.3	0.04
3.1	5.26	37.7	0.04
3.15	5.24	38.3	0.05
3.2	5.31	43.3	0.04
3.25	5.47	45.6	0.05
3.3	5.49	39.3	0.02
3.35	5.68	39.6	0.04
3.4	5.33	39.7	0.04
3.45	5.31	39.2	0.04
3.5	5.3	39	0.04
3.55	5.34	44.5	0.04
3.6	4.57	41.5	0.05
3.65	4.37	39.6	0.05
3.7	4.77	39.3	0.05
3.75	5.65	41.7	0.04	28.01
3.8	6.42	50.2	0.05
3.85	6	52.7	0.04
3.9	4.95	44.1	0.04
3.95	4.71	38.7	0.04	
4	5.13	39	0.05
4.05	5.14	46.2	0.05	
4.1	5.13	44.4	0.04	
4.15	4.51	40.8	0.03	
4.2	4.06	36.8	0.04	
4.25	3	27.7	0.05	
4.3	2.61	27.6	0.04	
4.35	2.54	28.4	0.05	
4.4	2.13	17.6	0.04	
4.45	2.97	17.9	0.05	
4.5	3.58	32.3	0.04	
4.55	2.43	48.2	0.04	
4.6	1.18	40.6	0.04	
4.65	0.55	19.1	0.04	
4.7	0.54	2.2	0.04	
4.75	0.5	1.4	0.03
4.8	0.37	-0.8	0.05
4.85	1.65	-1.4	0.05
4.9	0.98	-1.2	0.04
4.95	0.47	-1.9	0.04
5	0.53	0.1	0.03
5.05	0.37	1.5	0.05
5.1	0.58	3	0.04
5.15	0.45	2.5	0.04
5.2	0.43	1.8	0.04
5.25	0.47	2.5	0.04
5.3	0.48	3.2	0.03
5.35	0.47	3.1	0.04
5.4	0.56	2.9	0.04
5.45	0.55	1.9	0.04
5.5	0.48	0.7	0.04
5.55	0.47	0.6	0.04	
5.6	0.43	1	0.06	
5.65	0.46	-0.2	0.05	
5.7	0.42	0.3	0.05	
5.75	0.67	0.3	0.04	46.31	
5.8	0.41	2.6	0.04	
5.85	0.47	1.9	0.04	
5.9	0.46	0.2	0.05	
5.95	0.37	0.7	0.07	
6	0.56	-0.2	0.07	
6.05	0.43	0.7	0.05	
6.1	0.52	0.7	0.06	
6.15	0.53	2.6	0.06	
6.2	0.51	3.1	0.07	
6.25	0.38	3.8	0.06	
6.3	0.48	3	0.05	
6.35	0.65	2.4	0.06
6.4	0.59	9.1	0.08
6.45	0.6	7.8	0.08
6.5	0.54	4.4	0.09
6.55	0.44	2.8	0.1
6.6	0.42	3.5	0.09
6.65	0.45	4.6	0.08
6.7	0.45	3.7	0.09
6.75	0.86	22.1	0.09
6.8	1.32	24.8	0.07
6.85	0.53	18.9	0.08
6.9	0.48	3.2	0.11
6.95	0.51	1.5	0.1
7	0.52	-0.3	0.1
7.05	0.55	0	0.11
7.1	0.37	1	0.11
7.15	0.46	1	0.11
7.2	0.59	2.3	0.11
7.25	0.56	0.9	0.1
7.3	0.57	4.1	0.12
7.35	0.55	2.7	0.12
7.4	0.49	2.2	0.13
7.45	0.38	2.4	0.13
7.5	0.46	0.2	0.11
7.55	0.35	1.4	0.13
7.6	0.54	0.2	0.12
7.65	0.46	0.2	0.12
7.7	0.37	0.8	0.14
7.75	0.52	0.2	0.14	64.52
7.8	0.84	-0.2	0.13
7.85	0.65	-1.3	0.14
7.9	0.58	2.5	0.13
7.95	0.3	2.7	0.17	
8	0.52	1.4	0.17
8.05	0.53	-0.5	0.18	
8.1	0.56	0.9	0.17	
8.15	0.53	-1.5	0.16	
8.2	0.4	0.8	0.18	
8.25	0.51	-0.9	0.18	
8.3	0.48	-1.4	0.19	
8.35	0.44	-1.1	0.21	
8.4	0.58	-2.2	0.21	
8.45	0.6	-0.6	0.2	
8.5	0.54	-0.6	0.2	
8.55	0.61	-1.4	0.2	
8.6	0.45	-1.2	0.21	
8.65	0.49	-0.1	0.22	
8.7	0.75	1.2	0.2	
8.75	0.72	-0.3	0.21
8.8	0.66	-1.3	0.25
8.85	0.63	-1.1	0.26
8.9	0.58	-1.6	0.29
8.95	0.71	0.2	0.29
9	0.64	0.3	0.3
9.05	0.51	1	0.29
9.1	0.99	-1.4	0.27
9.15	1.05	0	0.3
9.2	0.69	0	0.3
9.25	1.13	7.2	0.29
9.3	1.54	0.5	0.31
9.35	2.28	-1.1	0.31
9.4	1.84	8.6	0.29
9.45	1.3	0.3	0.28
9.5	1.81	0.7	0.3
9.55	1.77	7.8	0.29	
9.6	1.44	15	0.28	
9.65	1.92	18.6	0.28	
9.7	1.98	13.8	0.27	
9.75	2.35	11	0.29	77.99	
9.8	2.51	9.9	0.3	
9.85	1.85	15.4	0.29	
9.9	1.92	17.9	0.27	
9.95	2.16	22.5	0.29	
10	2.52	28.5	0.28	
10.05	3.12	31.5	0.28	
10.1	3.33	38.4	0.28	
10.15	4.01	36.4	0.31	
10.2	5.04	42.7	0.3	
10.25	5.39	50	0.3	
10.3	5.9	63.5	0.3	
10.35	5.79	73.2	0.29
10.4	6.85	80.8	0.3
10.45	7.41	85.3	0.3
10.5	7.83	90.7	0.29
10.55	7.75	90.1	0.28
10.6	7.17	91.6	0.28
10.65	6.44	81.3	0.29
10.7	5.9	69.5	0.3
10.75	5.47	56.1	0.29
10.8	5.16	48.1	0.28
10.85	4.96	43.7	0.28
10.9	4.45	37.5	0.27
10.95	4	39.8	0.28
11	3.89	37.7	0.47
11.05	4.28	40	0.44
11.1	3.3	36.9	0.42
11.15	3.46	32.3	0.43
11.2	2.75	35.4	0.43
11.25	3.31	30.7	0.44
11.3	2.58	31.1	0.42
11.35	1.6	22.8	0.42
11.4	1.36	13.1	0.53
11.45	0.93	5.7	0.53
11.5	0.91	2.7	0.54
11.55	0.88	3.4	0.54
11.6	0.98	-0.7	0.54
11.65	0.92	-0.6	0.55
11.7	0.79	-0.6	0.57
11.75	0.66	-0.7	0.58	88.84
11.8	0.79	0.3	0.55
11.85	0.68	-1.1	0.58
11.9	0.64	0.6	0.56
11.95	0.83	-0.9	0.56	
12	0.9	-1.6	0.55
12.05	0.68	-1.9	0.66	
12.1	0.74	2.1	0.65	
12.15	0.85	2.7	0.65	
12.2	0.8	0.5	0.64	
12.25	0.82	-1.1	0.65	
12.3	0.6	1	0.67	
12.35	0.85	0.1	0.66	
12.4	0.92	3.5	0.76	
12.45	0.81	4.9	0.8	
12.5	0.64	1.2	0.79	
12.55	0.77	-0.7	0.8	
12.6	0.67	-1.2	0.8	
12.65	0.78	1.1	0.81	
12.7	0.87	-1.9	0.81	
12.75	0.76	-1.6	0.79
12.8	0.76	-0.7	0.8
12.85	0.75	-0.4	0.81
12.9	0.81	-1.4	0.81
12.95	0.89	1.1	0.83
13	0.88	-0.1	0.91
13.05	0.8	-0.8	0.9
13.1	0.8	1.8	0.91
13.15	0.7	1.6	0.93
13.2	0.71	0	0.95
13.25	0.71	0.8	0.96
13.3	0.58	1.5	1
13.35	0.64	0.1	1.01
13.4	0.85	1.5	1
13.45	0.78	0.3	1.02
13.5	0.73	0.5	1.02
13.55	0.7	-0.1	1.04	
13.6	0.79	-1.6	1.02	
13.65	0.75	2.8	1.07	
13.7	0.77	2.3	1.07	
13.75	0.59	1.3	1.07	99.19
13.8	0.73	1.8	1.08	
13.85	0.75	1.1	1.07	
13.9	0.78	1.6	1.07	
13.95	0.78	2.7	1.08	
14	0.76	1.9	1.1	
14.05	0.81	2.5	1.11	
14.1	0.76	1.8	1.13	
14.15	0.69	1.9	1.12	
14.2	0.84	2.7	1.11	
14.25	0.89	2.4	1.12	
14.3	0.72	2.3	1.13	
14.35	0.87	2.3	1.12
14.4	0.79	2.1	1.24
14.45	0.88	1.6	1.24
14.5	0.88	1.9	1.23
14.55	0.85	4.3	1.23
14.6	0.8	1.5	1.27
14.65	0.83	2.2	1.27
14.7	0.83	0.9	1.28
14.75	0.88	1.8	1.28
14.8	0.73	2.4	1.3
14.85	0.8	1.4	1.35
14.9	0.86	3.6	1.35
14.95	0.89	1.5	1.35
15	0.74	1.5	1.35
15.05	0.82	3	1.37
15.1	0.84	2.8	1.38
15.15	0.81	3.4	1.38
15.2	0.83	2.9	1.37
15.25	0.84	1.4	1.38
15.3	0.82	0.2	1.39
15.35	0.84	-0.2	1.41
15.4	0.76	-1.1	1.41
15.45	0.77	-0.4	1.43
15.5	0.78	0.1	1.46
15.55	1.2	-1.2	1.48
15.6	0.89	3.9	1.5
15.65	1.07	11.9	1.55
15.7	2.73	30.9	1.55
15.75	3.98	55.9	1.56	108.68
15.8	7.93	75.8	1.56
15.85	13.18	132.1	1.56
15.9	19.26	192.2	1.62
15.95	22.7	192.1	1.62	
16	22.68	241.6	1.63	
16.05	20.5	243.2	1.7	
16.1	18.31	207.1	1.69	
16.15	18.01	127.9	1.69	
16.2	17.79	116.3	1.71	
16.25	14.44	139.4	1.7	
16.3	12.2	83.9	1.76	
16.35	10.82	54.3	1.77	
16.4	8.37	57.9	1.79	
16.45	7.19	63.2	1.83	
16.5	6.21	52	1.86	
16.55	5.88	47.9	1.9	
16.6	5.44	31.2	1.91	
16.65	5.98	23.8	1.93	
16.7	6.05	29.4	2.01	
16.75	4.98	39.9	2.01
16.8	4.18	29.3	2.05
16.85	4.23	23.1	2.06
16.9	4.08	29	2.04
16.95	3.32	-0.7	2.05
17	3.1	34.1	2.05
17.05	1.57	22.6	2.08
17.1	3.3	29.6	2.06
17.15	2.06	31.1	2.05
17.2	1.24	15.3	2.06
17.25	1.36	2.9	2.08
17.3	1.14	10.5	2.08
17.35	1.46	9.9	2.11
17.4	1.7	13.5	2.1
17.45	1.26	14.1	2.08
17.5	1.87	13.1	2.08
17.55	3	13.6	2.08	
17.6	3.56	8.7	2.08	
17.65	3.23	18.8	2.08	
17.7	2.66	27.1	2.09	
17.75	3.25	25.7	2.17	120.53	
17.8	4.53	23.8	2.17	
17.85	9.08	48.1	2.16	
17.9	10.5	80.7	2.18	
17.95	9.94	115.7	2.17	
18	10.22	83.1	2.18	
18.05	10.8	62.9	2.18	
18.1	9.33	66.3	2.18	
18.15	6.65	50.8	2.17	
18.2	6.61	24	2.17	
18.25	6.42	36.4	2.19	
18.3	6.21	44.5	2.18	
18.35	6.93	31.9	2.18
18.4	7.97	21.4	2.18
18.45	7.95	32.6	2.19
18.5	7.03	40.3	2.17
18.55	5.43	44.2	2.18
18.6	4.61	23.6	2.17
18.65	4.65	17.7	2.18
18.7	3.58	11.4	2.18
18.75	1.84	12.6	2.19
18.8	1.68	11.2	2.19
18.85	1.8	13.1	2.18
18.9	1.14	14	2.18
18.95	1.06	4.3	2.18
19	0.96	1.9	2.18
19.05	1.32	2.6	2.39
19.1	1.1	5.7	2.38
19.15	0.95	-0.2	2.41
19.2	1.17	-0.5	2.39
19.25	0.92	1.1	2.41
19.3	1.09	2.7	2.4
19.35	1.13	3.6	2.41
19.4	1.06	3	2.41
19.45	1.06	4.1	2.41
19.5	1.17	4.5	2.4
19.55	1.13	4.2	2.41
19.6	1.02	4.8	2.41
19.65	1.06	4.8	2.42
19.7	1.04	5.5	2.41
19.75	0.96	1.8	2.41	130.82
19.8	1.03	2.1	2.41
19.85	1.18	2.7	2.42
19.9	0.92	3.5	2.42
19.95	0.93	1.9	2.42	
20	0.95	3.5	2.42
20.05	1.01	6	3.01	
20.1	1.3	2	2.9	
20.15	1.86	13	2.95	
20.2	2.34	17.8	2.96	
20.25	2.24	29.3	3	
20.3	1.46	16.6	2.99	
20.35	1.25	37.1	2.99	
20.4	3.29	44	3.01	
20.45	7.07	52.6	3.01	
20.5	7.66	87.4	3.12	
20.55	5.41	77.6	3.18	
20.6	2.66	48.4	3.19	
20.65	1.37	28.1	3.23	
20.7	1.24	9.7	3.24	
20.75	1.14	8.7	3.25
20.8	1.1	7.7	3.25
20.85	1.19	7.7	3.27
20.9	1.07	6	3.29
20.95	1.15	6.8	3.28
21	1.08	7.1	3.29
21.05	1.07	6	3.29
21.1	1.04	6.2	3.29
21.15	1.11	7.1	3.5
21.2	1.02	4.2	3.49
21.25	1.02	4.5	3.51
21.3	1.01	4.2	3.5
21.35	1.01	2.9	3.5
21.4	1.04	4.7	3.5
21.45	1.11	5.1	3.5
21.5	1.02	6.6	3.5
21.55	1.11	5.8	3.5	
21.6	1.08	6.7	3.51	
21.65	1.11	4.4	3.51	
21.7	1.01	4.4	3.51	
21.75	0.98	3.9	3.52	142.72	
21.8	1	0.3	3.52	
21.85	1.48	1.1	3.52	
21.9	1.08	5	3.64	
21.95	0.96	3	3.66	
22	1.02	2.6	3.66	
22.05	1.05	2.3	3.71	
22.1	1.05	1.4	3.71	
22.15	1.06	2.7	3.7	
22.2	1.1	3.1	3.72	
22.25	1.05	4.8	3.74	
22.3	1.09	2.7	3.74	
22.35	1.05	1.5	3.75
22.4	1.06	3.2	3.74
22.45	1.21	3.1	3.79
22.5	1.49	-0.1	3.74
22.55	1.35	-0.4	3.79
22.6	0.98	1.9	3.83
22.65	1.14	0.9	3.83
22.7	1.01	0.2	3.84
22.75	1.34	-0.5	3.83
22.8	1.06	-1	3.84
22.85	1.06	2	3.9
22.9	1.01	5	3.95
22.95	1.44	7.1	3.95
23	1.12	8.9	3.95
23.05	1.16	0.3	3.95
23.1	1.06	2.5	3.96
23.15	1.01	4	3.97
23.2	1.11	2.8	3.98
23.25	1.03	3.6	3.98
23.3	1.04	5.9	4.02
23.35	1.27	2.5	4.03
23.4	1.39	-0.1	4.09
23.45	1.67	15.9	4.09
23.5	1.9	23.9	4.1
23.55	3.49	46.7	4.09
23.6	7.49	66.9	4.1
23.65	8.43	96.8	4.11
23.7	6.33	105.8	4.1
23.75	4.66	157.4	4.25	150.64
23.8	3.56	18.3	4.26
23.85	16.84	212.3	4.33
23.9	10.4	297	4.37
23.95	31.76	409.6	4.38	
24	36.74	686.2	4.41
24.05	40.49	899.9	4.4	
24.1	38.46	-32768	4.43	
24.15	38.1	-32768	4.44	
