File name:	ALC031
Date:	2/6/2001
UTM Grid Zone:	10S
"UTM-X, m:"	568170
"UTM-Y, m:"	4178718
Datum:	1927 NAD
"Elevation, m:"	1.5
"Total depth, m:"	22
"Water depth, m:"	1.7
City:	Alameda
County:	Alameda
State:	CA
USGS Quadrangle:	Oakland East
Cone No.:	660
Source:	USGS
"Surface horiz. offset (seismic source to CPT), m:"	0.96

Depth (m)	Tip Resistance (MN/m2)	Sleeve Friction (kN/m2)	Inclination (degree)	S-wave travel time (ms)
0.05	0.95	69.1	0.05	
0.1	78.59	235.3	0.54	
0.15	54.9	644.2	0.06	
0.2	40.39	667.3	0.17	
0.25	26.44	301	0.11	
0.3	18.5	123	0.19	
0.35	9.64	194.7	0.21	
0.4	4.3	166.4	0.2	
0.45	2.12	69.2	0.22	
0.5	2.94	38.7	0.24	
0.55	1.92	58.7	0.29	
0.6	2.54	88.9	0.32	
0.65	3.49	117.9	0.38	
0.7	2.26	89.7	0.39	
0.75	1.64	57.7	0.38
0.8	1.51	49.4	0.41
0.85	1.23	48.8	0.41
0.9	1.15	48.5	0.42
0.95	1.07	43.7	0.42
1	1.07	41.2	0.42
1.05	0.98	39.5	0.43
1.1	0.96	35.6	0.45
1.15	0.98	37.8	0.43
1.2	1.12	19.8	0.45
1.25	2.12	34.4	0.48
1.3	1.54	59	0.5
1.35	1.46	61.9	0.49
1.4	0.76	29.8	0.49
1.45	0.6	23.8	0.48
1.5	0.67	21.2	0.48
1.55	0.58	18	0.49	
1.6	0.58	27.7	0.59	
1.65	0.86	42	0.63	
1.7	1	62.7	0.64	
1.75	0.99	73.2	0.63	8.32
1.8	0.72	66.5	0.64	
1.85	0.76	53.2	0.65	
1.9	0.68	50.4	0.65	
1.95	0.48	38.7	0.64	
2	0.47	28.2	0.65	
2.05	0.5	17.2	0.66	
2.1	0.39	8.4	0.67	
2.15	0.3	7.5	0.66	
2.2	0.38	5.5	0.66	
2.25	0.43	5.4	0.69	
2.3	0.32	5.4	0.7	
2.35	0.32	5.4	0.7
2.4	0.41	5.9	0.71
2.45	0.4	4.8	0.71
2.5	0.41	4.8	0.71
2.55	0.38	3.9	0.71
2.6	0.32	8.6	0.71
2.65	0.7	7.9	0.72
2.7	2.3	12.9	0.92
2.75	2.45	-1.7	0.92
2.8	2.47	8.7	0.95
2.85	0.97	3.7	0.97
2.9	3	7.1	0.95
2.95	2.35	13.6	0.96
3	1.63	19.2	0.96
3.05	0.74	14	0.96
3.1	0.5	2	1.05
3.15	0.49	-0.2	1.07
3.2	0.5	0.5	1.06
3.25	0.55	-0.2	1.06
3.3	0.44	0.7	1.09
3.35	0.48	-0.4	1.1
3.4	0.48	-0.4	1.12
3.45	0.54	-0.1	1.12
3.5	0.42	0.5	1.12
3.55	0.52	0.1	1.12
3.6	0.44	0	1.12
3.65	0.49	0.3	1.12
3.7	0.52	-0.2	1.12
3.75	0.51	-0.7	1.13	25.96
3.8	0.49	-0.9	1.12
3.85	0.47	-0.6	1.12
3.9	0.47	-1.2	1.12
3.95	0.5	-1.2	1.34	
4	0.51	-2.3	1.36	
4.05	0.57	-2.1	1.36	
4.1	0.55	-2.1	1.38	
4.15	0.55	-1.8	1.38	
4.2	0.54	-2.1	1.38	
4.25	0.49	-2	1.4	
4.3	0.48	-2	1.42	
4.35	0.56	-2.1	1.42	
4.4	0.52	-2.1	1.48	
4.45	0.5	-1.3	1.52	
4.5	0.52	-1.6	1.52	
4.55	0.59	-2.1	1.52	
4.6	0.61	-1.9	1.52	
4.65	0.57	-2	1.54	
4.7	0.71	-1.8	1.54	
4.75	0.54	-1.9	1.55
4.8	0.5	-2.2	1.57
4.85	0.58	-2.1	1.58
4.9	0.48	-2	1.59
4.95	1.08	2.3	1.59
5	0.47	-2.1	1.65
5.05	0.98	-2.2	1.68
5.1	0.6	-2.5	1.69
5.15	0.64	-2.6	1.69
5.2	1.06	-1.3	1.68
5.25	1.06	20.6	1.69
5.3	1.42	43.4	1.73
5.35	1.51	47.2	1.75
5.4	1.58	55.2	1.77
5.45	1.69	62.6	1.79
5.5	1.9	69.6	1.82
5.55	1.95	75.1	1.83	
5.6	2.16	75.5	1.83	
5.65	2.2	89	1.88	
5.7	2.64	97.6	1.89	
5.75	2.68	115.7	1.96	44.96	
5.8	2.38	90.3	1.95	
5.85	3.75	35.1	1.97	
5.9	5.13	16.6	2.01	
5.95	5.61	32.8	2.01	
6	5.88	18.7	2.02	
6.05	5.61	20.3	2.04	
6.1	5.59	26	2.04	
6.15	5.63	29.9	2.07	
6.2	6.38	30.2	2.08	
6.25	7.3	28.8	2.09	
6.3	8.48	44.5	2.09	
6.35	9.09	64.8	2.09
6.4	9.4	72.3	2.09
6.45	9.48	76.2	2.24
6.5	9.99	78.8	2.25
6.55	10.35	76.6	2.25
6.6	10.48	78.7	2.26
6.65	10.68	81.7	2.27
6.7	11.02	75.7	2.28
6.75	11.38	70.2	2.28
6.8	11.33	87.2	2.29
6.85	11.17	55.8	2.38
6.9	11.16	46	2.4
6.95	10.74	65.6	2.43
7	10.08	59.3	2.42
7.05	10.32	32.2	2.42
7.1	11.14	61.4	2.42
7.15	11.02	77.5	2.42
7.2	10.86	97.8	2.46
7.25	10.53	105.5	2.51
7.3	10.19	104.9	2.52
7.35	9.6	102.3	2.53
7.4	9.1	89.7	2.54
7.45	9.02	87.7	2.56
7.5	9.58	89.1	2.56
7.55	11.43	106.9	2.56
7.6	12.45	122.6	2.56
7.65	12.95	88.6	2.56
7.7	13.76	54.8	2.7
7.75	12.54	76.2	2.7	55.43
7.8	11.51	117.4	2.71
7.85	10.8	156.5	2.72
7.9	7.4	47.3	2.73
7.95	3.99	61.5	2.72	
8	2.3	12	2.73	
8.05	2.74	1.6	2.79	
8.1	1.65	1.4	2.77	
8.15	1.32	-2.2	2.78	
8.2	0.99	-1.4	2.79	
8.25	0.86	-3.1	2.78	
8.3	1.5	-3.1	2.78	
8.35	1.54	0.1	2.82	
8.4	1.61	7.2	2.84	
8.45	1.77	11	2.83	
8.5	1.73	15.7	2.83	
8.55	1.73	18.7	2.84	
8.6	1.64	26.9	2.84	
8.65	1.67	26.3	2.86	
8.7	1.65	31.2	2.85	
8.75	2.04	37.5	2.85
8.8	2.31	29.3	2.85
8.85	2.08	16.1	2.86
8.9	1.83	10.2	2.85
8.95	1.64	11.3	2.86
9	1.87	14.1	2.85
9.05	2.1	49.7	2.86
9.1	2.12	53.7	3.02
9.15	2.87	42.2	3.01
9.2	2.37	24.7	3.01
9.25	2.26	22.6	3.01
9.3	2.59	16.9	3.03
9.35	2.92	8.1	3.01
9.4	2.87	8.7	2.99
9.45	3.17	17.3	2.97
9.5	3.63	53	2.98
9.55	4.19	102.3	2.99	
9.6	4.14	131.6	3.01	
9.65	3.71	136.4	3.03	
9.7	3.56	129.2	3.05	
9.75	3.4	112.7	3.08	63.77	
9.8	2.73	96.8	3.08	
9.85	2.66	102.1	3.07	
9.9	2.65	116.3	3.24	
9.95	2.66	125.9	3.24	
10	2.6	115.4	3.27	
10.05	2.5	108.7	3.27	
10.1	2.33	91.2	3.27	
10.15	2.27	73.8	3.27	
10.2	2.04	62.1	3.27	
10.25	2.15	51.9	3.28	
10.3	2.13	53.5	3.28	
10.35	2.11	38.6	3.28
10.4	1.91	36.4	3.28
10.45	2.04	31.6	3.27
10.5	1.91	26.1	3.29
10.55	1.82	25.7	3.29
10.6	1.99	29	3.65
10.65	2.13	32.5	3.7
10.7	2.23	37.3	3.72
10.75	2.22	29.7	3.74
10.8	2.32	25.1	3.74
10.85	1.93	22	3.76
10.9	1.99	30.6	3.77
10.95	2.09	35	3.78
11	2.27	45.7	3.78
11.05	2.54	48.6	3.79
11.1	2.38	52.7	3.78
11.15	2.78	42.8	3.86
11.2	2.8	25.8	3.87
11.25	2.6	27.8	3.89
11.3	2.43	25.7	3.89
11.35	2.54	13.5	3.89
11.4	2.59	54.9	3.9
11.45	4.8	93.3	3.9
11.5	7.52	172	3.87
11.55	6.57	106.2	3.88
11.6	4.19	59.2	3.9
11.65	2.42	38.7	3.89
11.7	2.48	31.9	3.9
11.75	2.41	42.6	3.91	69.75
11.8	2.77	52.7	3.92
11.85	3.14	90.2	3.93
11.9	3.04	114.3	3.92
11.95	2.85	117.7	3.93	
12	2.62	88.4	3.93	
12.05	2.46	72	4.1	
12.1	2.52	66.3	4.11	
12.15	2.61	71.3	4.12	
12.2	2.77	79.7	4.13	
12.25	2.55	79.2	4.15	
12.3	2.59	83.5	4.15	
12.35	2.42	79.5	4.16	
12.4	2.07	72.4	4.17	
12.45	1.99	57.5	4.18	
12.5	2.23	53.4	4.17	
12.55	2.33	66	4.18	
12.6	2.35	74.8	4.19	
12.65	2.37	78.2	4.28	
12.7	2.46	74.7	4.29	
12.75	2.43	68.7	4.3
12.8	2.54	63.4	4.33
12.85	2.66	69.4	4.33
12.9	2.66	75.5	4.33
12.95	2.62	81.2	4.33
13	2.72	80.7	4.33
13.05	2.81	83.2	4.33
13.1	2.81	-2.2	4.33
13.15	2.93	98.4	4.33
13.2	1.47	110.9	4.36
13.25	3.18	124.2	4.39
13.3	2.91	120.9	4.39
13.35	2.98	105.2	4.39
13.4	2.96	100	4.39
13.45	2.82	88.8	4.4
13.5	2.6	82.5	4.39
13.55	2.85	83.9	4.39	
13.6	2.8	99.1	4.39	
13.65	2.52	102.2	4.39	
13.7	2.41	95.6	4.39	
13.75	2.32	76.6	4.51	79.17	
13.8	2.33	65	4.51	
13.85	2.36	63.6	4.51	
13.9	2.36	55.9	4.51	
13.95	2.26	9.6	4.51	
14	2.11	82.7	4.51	
14.05	1.32	79	4.52	
14.1	2.24	61.7	4.53	
14.15	2.01	40.1	4.52	
14.2	2.01	40	4.52	
14.25	2.09	42.3	4.53	
14.3	2.64	24.8	4.52	
14.35	2.19	27.7	4.52
14.4	2.03	33.4	4.84
14.45	2.05	32.9	4.93
14.5	1.95	37.7	4.96
14.55	2.06	41.4	4.97
14.6	2.23	39.9	4.97
14.65	2.03	20.8	4.97
14.7	1.9	9	4.97
14.75	1.72	15.3	4.97
14.8	2.23	45.5	4.97
14.85	2.98	78	4.98
14.9	3.13	91.7	4.99
14.95	3.08	91.1	5.03
15	2.71	93.5	5.01
15.05	2.59	81.4	5.02
15.1	2.29	63	4.93
15.15	2.17	9	4.93
15.2	2.47	52.8	4.92
15.25	1.58	63.2	4.92
15.3	2.65	71.2	4.92
15.35	2.61	73.2	4.92
15.4	2.74	73.3	4.93
15.45	2.92	84.7	4.93
15.5	3.28	113	4.93
15.55	3.54	126.8	5.13
15.6	3.65	124.8	5.07
15.65	3.46	119.6	5.12
15.7	3.33	110	5.13
15.75	3.25	109	5.16	89.69
15.8	3.26	109.2	5.18
15.85	3.28	106.2	5.18
15.9	3.2	95.3	5.23
15.95	3.07	23.1	5.23	
16	2.96	90.6	5.24	
16.05	1.84	87.5	5.24	
16.1	3.04	86.7	5.24	
16.15	3.44	88.4	5.25	
16.2	2.82	86.1	5.36	
16.25	2.92	95.1	5.36	
16.3	3.02	92.5	5.37	
16.35	2.66	92.6	5.36	
16.4	2.28	64.8	5.37	
16.45	2.23	47.4	5.34	
16.5	2.22	26.4	5.36	
16.55	2.23	34.6	5.36	
16.6	2.34	39.6	5.36	
16.65	2.46	39	5.35	
16.7	2.61	31.9	5.33	
16.75	2.41	39.9	5.34
16.8	2.71	47.8	5.34
16.85	2.9	63.4	5.34
16.9	3.04	45.3	5.34
16.95	2.9	43.9	5.35
17	3.05	46.4	5.33
17.05	3.08	61.5	5.35
17.1	3.09	62.8	5.38
17.15	3.09	72.6	5.38
17.2	3.11	68.2	5.38
17.25	3.17	64.9	5.4
17.3	3.16	67.7	5.49
17.35	3.16	78.7	5.48
17.4	3.19	81	5.49
17.45	3.64	86.1	5.5
17.5	3.29	94.3	5.62
17.55	3.41	103	5.64	
17.6	4.62	108.9	5.66	
17.65	3.52	96.3	5.7	
17.7	3.52	88	5.69	
17.75	5.02	103.5	5.7	96.99
17.8	5.54	181.5	5.71	
17.85	4.28	124.6	5.77	
17.9	2.82	63.9	5.89	
17.95	2.73	58.9	5.9	
18	2.74	55.5	6.03	
18.05	2.7	65.9	6.04	
18.1	2.88	-2	6.05	
18.15	2.79	73.2	6.05	
18.2	1.45	68.7	6.04	
18.25	2.94	64.3	6.05	
18.3	3.1	73.3	6.05	
18.35	3.45	81.8	6.05
18.4	3.63	78.5	6.06
18.45	3.61	70.7	6.06
18.5	3.35	82.2	6.13
18.55	3.93	133.4	6.14
18.6	5.68	168.5	6.19
18.65	7.05	167.9	6.21
18.7	5.78	145.6	6.28
18.75	4.92	159.7	6.28
18.8	4.85	188.2	6.28
18.85	5.71	185.4	6.28
18.9	8.24	168.3	6.28
18.95	9.31	199.8	6.29
19	9.49	231.5	6.29
19.05	9.06	248	6.4
19.1	9.64	217.3	6.42
19.15	12.53	136.1	6.64
19.2	21.81	591.8	6.81
19.25	24.15	576.6	6.77
19.3	13.27	376.8	7.03
19.35	8.44	203.5	7.07
19.4	5.16	81.2	7.13
19.45	2.73	30.3	7.16
19.5	2.44	26.5	7.17
19.55	2.39	29.9	7.19
19.6	2.33	31.9	7.28
19.65	2.33	33.6	7.28
19.7	2.39	33.5	7.34
19.75	2.31	35.7	7.38	104.03
19.8	2.41	36.9	7.39
19.85	2.54	39.1	7.39
19.9	2.6	41.4	7.52
19.95	2.64	49.2	7.53	
20	2.62	46.9	7.56	
20.05	2.56	46.6	7.55	
20.1	2.49	46.1	7.56	
20.15	2.58	44.2	7.63	
20.2	2.58	42.8	7.64	
20.25	2.48	39.2	7.64	
20.3	2.48	38.3	7.65	
20.35	2.42	38.9	7.65	
20.4	2.35	34.4	7.88	
20.45	2.15	29.3	7.92	
20.5	2.13	26.6	7.93	
20.55	2.09	24.6	7.94	
20.6	2.1	24.3	7.96	
20.65	2.05	23.3	8.02	
20.7	1.99	21.7	8.03	
20.75	1.96	18.5	8.05
20.8	1.99	16.6	8.18
20.85	1.97	14.4	8.2
20.9	1.99	11	8.22
20.95	1.88	9.9	8.24
21	1.81	9.5	8.3
21.05	1.75	7.4	8.32
21.1	1.72	4.5	8.34
21.15	1.85	12.4	8.49
21.2	2.22	31.5	8.51
21.25	3.11	56.9	8.6
21.3	4.22	82.5	8.71
21.35	4.28	99.7	8.79
21.4	3.88	145.6	8.83
21.45	3.84	137.6	8.89
21.5	4.99	118.1	8.95
21.55	3.73	98.5	9	
21.6	3.84	103.6	9.02	
21.65	3.93	104.2	9.03	
21.7	3.97	92.4	9.08	
21.75	3.85	73	9.11	111.76
21.8	3.69	61.1	9.11	
21.85	3.73	52.8	9.18	
21.9	3.67	54.3	9.2	
21.95	3.53	-32768	9.26	
22	3.5	-32768	9.31	
