File name:	ALC014
Date:	1/12/2001
UTM Grid Zone:	10S
"UTM-X, m:"	563601
"UTM-Y, m:"	4182221
Datum:	1927 NAD
"Elevation, m:"	1.5
"Total depth, m:"	42.75
"Water depth, m:"	1.2
City:	Alameda
County:	Alameda
State:	CA
USGS Quadrangle:	Oakland West
Cone No.:	660
Source:	USGS
"Surface horiz. offset (seismic source to CPT), m:"	0.96

Depth (m)	Tip Resistance (MN/m2)	Sleeve Friction (kN/m2)	Inclination (degree)	S-wave travel time (ms)
0.05	46.65	208.2	0.04	
0.1	55.89	322.3	0.04	
0.15	42.45	358.1	0.05	
0.2	36.61	518.8	0.04	
0.25	35.11	357.4	0.04	
0.3	48.48	538.4	0.04	
0.35	34.26	470.8	0.05	
0.4	28.55	502.4	0.05	
0.45	25.49	395.5	0.05	
0.5	35.16	300.8	0.04	
0.55	37.04	163.3	0.05	
0.6	38.91	150.8	0.04	
0.65	47.39	325.8	0.05	
0.7	51.03	259.9	0.03	
0.75	40.08	308.3	0.05
0.8	34.46	88.6	0.04
0.85	29.05	207.8	0.04
0.9	27.26	404.1	0.05
0.95	24.84	334.8	0.04
1	27.99	248.1	0.22
1.05	22.77	304.6	0.51
1.1	21.68	169.9	0.81
1.15	22.88	223.6	0.9
1.2	23.65	43	1.05
1.25	32.69	358.4	1.19
1.3	5.75	386.8	0.96
1.35	47.17	255	0.48
1.4	20.92	187.9	0.36
1.45	9.21	144.2	0.27
1.5	5.43	162.5	0.26
1.55	3.61	103.6	0.23	
1.6	1.96	23.4	0.25	
1.65	1.27	18.9	0.23	
1.7	1.17	19.5	0.22	
1.75	1.16	21.8	0.23	9.5	
1.8	1.05	34	0.21	
1.85	0.85	31.9	0.24	
1.9	0.65	25.8	0.25	
1.95	0.62	30.1	0.26	
2	0.58	24.7	0.25	
2.05	0.36	23	0.24	
2.1	0.05	22.6	0.24	
2.15	-0.02	25.1	0.21	
2.2	-0.03	24.8	0.25	
2.25	0.14	21.2	0.22	
2.3	0.15	21.4	0.23	
2.35	0.09	20.2	0.2
2.4	-0.03	19.7	0.22
2.45	0	18.3	0.22
2.5	0.12	16.1	0.24
2.55	0.18	14.2	0.24
2.6	0.11	14.7	0.22
2.65	0.01	15.2	0.2
2.7	-0.03	15	0.22
2.75	-0.17	18	0.21
2.8	-0.09	17.8	0.23
2.85	0.17	16.1	0.25
2.9	0.13	13.7	0.25
2.95	0.27	11.6	0.25
3	-0.13	10.5	0.26
3.05	0.06	11.3	0.23
3.1	-0.01	11.8	0.21
3.15	-0.04	8.1	0.23
3.2	-0.13	6.5	0.22
3.25	-0.2	6.4	0.21
3.3	-0.02	3.5	0.23
3.35	0.19	5.8	0.23
3.4	-0.09	3.8	0.24
3.45	0.15	2.4	0.24
3.5	0.06	1.1	0.24
3.55	-0.1	1.8	0.21
3.6	-0.09	1.8	0.2
3.65	-0.09	3.5	0.23
3.7	-0.1	2.3	0.22
3.75	0.14	2.8	0.23	28.01
3.8	-0.15	3.8	0.24
3.85	0.06	4.6	0.23
3.9	0.21	3.3	0.22
3.95	0.44	10.7	0.24	
4	0.76	17.4	0.24
4.05	0.36	23.9	0.2	
4.1	0.13	18.2	0.24	
4.15	0.26	14.1	0.24	
4.2	2.54	18.6	0.2	
4.25	4.16	24.8	0.24	
4.3	4.92	27.1	0.23	
4.35	5.28	29.4	0.21	
4.4	3.93	30.5	0.2	
4.45	2.56	33.4	0.21	
4.5	1.21	34.4	0.2	
4.55	0.65	17.8	0.23	
4.6	0.34	6.4	0.22	
4.65	0.06	1.3	0.21	
4.7	0.09	1.2	0.21	
4.75	0.14	3.3	0.21
4.8	0.15	3.7	0.21
4.85	0.35	2.2	0.21
4.9	0.32	1	0.22
4.95	-0.01	-0.7	0.18
5	0.09	3.3	0.21
5.05	0.09	2.7	0.18
5.1	0.31	-0.8	0.21
5.15	0.36	-1.4	0.19
5.2	0.05	1.6	0.19
5.25	0.01	1.7	0.16
5.3	0.19	0	0.2
5.35	0.29	4.2	0.21
5.4	0.11	11.3	0.18
5.45	0.49	7.7	0.19
5.5	0.22	5.7	0.17
5.55	-0.01	4.3	0.17	
5.6	0.12	3.6	0.19	
5.65	0.28	7.9	0.19	
5.7	0.35	8.3	0.21	
5.75	0.61	20.9	0.21	49.88
5.8	0.51	14.8	0.18	
5.85	0.44	12.1	0.2	
5.9	0.13	8	0.16	
5.95	0.4	10.6	0.27	
6	0.38	8.2	0.26	
6.05	0.5	4	0.23	
6.1	0.38	3.6	0.23	
6.15	0.19	1.6	0.24	
6.2	0.25	0.4	0.25	
6.25	0.13	0	0.25	
6.3	0	-1.4	0.21	
6.35	0.24	0.5	0.21
6.4	0.03	1.5	0.24
6.45	0.33	0.9	0.24
6.5	0.41	1.6	0.23
6.55	0.38	0	0.24
6.6	0.3	0	0.23
6.65	0.16	-2.6	0.25
6.7	0.27	1.9	0.23
6.75	0.03	1.1	0.21
6.8	0.39	0.4	0.24
6.85	0.24	-0.4	0.25
6.9	0.15	-1	0.23
6.95	0.13	-1.9	0.24
7	0.03	1.8	0.25
7.05	0.11	0.7	0.24
7.1	0.35	-0.8	0.24
7.15	0.17	0.4	0.23
7.2	0.09	0.3	0.23
7.25	0.24	0.6	0.22
7.3	0.13	2.3	0.23
7.35	0.12	0.6	0.25
7.4	0.35	0.9	0.23
7.45	0.12	1.4	0.23
7.5	0.15	1.8	0.22
7.55	0.23	0.6	0.22
7.6	0.24	-2.1	0.24
7.65	0.15	-1.2	0.25
7.7	-0.02	-1	0.21
7.75	-0.04	0.1	0.23	71
7.8	-0.04	-0.3	0.24
7.85	0.16	1.4	0.21
7.9	0.25	-1.4	0.22
7.95	0.34	2.2	0.24	
8	-0.02	0	0.22
8.05	0.23	1.3	0.24	
8.1	0.07	-2	0.23	
8.15	0.3	1	0.23	
8.2	0.04	1.3	0.2	
8.25	0.33	-1.3	0.24	
8.3	0.34	-1.6	0.24	
8.35	0.06	1.7	0.2	
8.4	0.14	-1.1	0.24	
8.45	0.29	1.1	0.24	
8.5	-0.07	-0.5	0.19	
8.55	0.33	-1	0.24	
8.6	0.03	0.2	0.24	
8.65	0.04	-0.5	0.25	
8.7	0.31	6.2	0.24	
8.75	0.33	14.1	0.22
8.8	1.34	13.4	0.24
8.85	1.59	8.1	0.24
8.9	1.06	9	0.24
8.95	0.68	10.9	0.23
9	1.07	13	0.25
9.05	1.12	9.5	0.19
9.1	0.62	6.3	0.26
9.15	0.22	0.4	0.25
9.2	-0.02	0.2	0.19
9.25	0.14	-0.6	0.22
9.3	0.29	-0.6	0.22
9.35	0.18	-1	0.21
9.4	0.15	0.4	0.23
9.45	0.14	-2	0.21
9.5	0.34	0.6	0.24
9.55	0.22	-2.6	0.2	
9.6	0.39	-1.1	0.24	
9.65	0.12	-1.4	0.24	
9.7	0.28	-2.2	0.22	
9.75	0.2	-2.1	0.23	91.21
9.8	0.15	-0.2	0.22	
9.85	0.04	1.6	0.2	
9.9	0.33	1	0.23	
9.95	0.53	0.8	0.23	
10	0.4	0.6	0.25	
10.05	0.25	-1.4	0.25	
10.1	0.29	1.3	0.24	
10.15	0.18	0.4	0.21	
10.2	0.41	0.5	0.23	
10.25	0.27	-2.7	0.26	
10.3	0.29	-0.2	0.26	
10.35	-0.03	1	0.21
10.4	0.25	1.9	0.23
10.45	0.34	0.3	0.26
10.5	0.42	1.1	0.25
10.55	0.3	1.4	0.26
10.6	0.49	-0.4	0.24
10.65	0.25	-0.3	0.28
10.7	0.08	-0.2	0.28
10.75	0.08	1.3	0.28
10.8	0.27	1.8	0.27
10.85	0.26	1.8	0.28
10.9	0.37	-0.3	0.25
10.95	0.28	0.3	0.27
11	0.28	-4.1	0.23
11.05	0.3	1.3	0.26
11.1	-0.02	-0.7	0.35
11.15	0.37	-1	0.33
11.2	0.26	0.4	0.33
11.25	0.12	0.4	0.33
11.3	0.35	-1	0.33
11.35	0.37	-0.1	0.33
11.4	0.17	-0.5	0.35
11.45	0.3	1.4	0.33
11.5	0.13	-1.1	0.36
11.55	0.43	0.4	0.34
11.6	0.11	-0.9	0.33
11.65	0.5	-0.3	0.33
11.7	0.15	-0.1	0.35
11.75	0.25	-1.5	0.34	112.53
11.8	0.18	0.2	0.34
11.85	0.2	-0.5	0.36
11.9	0.28	-1.7	0.37
11.95	0.26	2.3	0.33	
12	0.18	3.6	0.35
12.05	0.36	1.8	0.35	
12.1	0.48	0.7	0.34	
12.15	0.44	0.5	0.35	
12.2	0.43	2.7	0.33	
12.25	0.34	0	0.35	
12.3	0.6	1	0.35	
12.35	0.27	0.4	0.35	
12.4	0.28	1.9	0.36	
12.45	0.2	1.3	0.39	
12.5	0.51	-0.9	0.34	
12.55	0.47	-1.1	0.35	
12.6	0.23	-2.2	0.35	
12.65	0.2	0.1	0.35	
12.7	0.1	-0.2	0.37	
12.75	0.27	-1.1	0.35
12.8	0.28	-1.3	0.39
12.85	0.29	-0.6	0.36
12.9	0.19	3.7	0.36
12.95	0.25	3.7	0.37
13	2.58	16.8	0.34
13.05	1.26	24.3	0.37
13.1	0.63	20.8	0.36
13.15	0.46	12.2	0.37
13.2	0.44	-0.5	0.38
13.25	0.71	-1.8	0.37
13.3	0.23	1	0.39
13.35	0.22	-0.6	0.36
13.4	0.36	1.2	0.37
13.45	0.19	0.1	0.4
13.5	0.58	1.1	0.37
13.55	0.37	-2.2	0.4	
13.6	0.63	-1.5	0.38	
13.65	0.2	-1.8	0.39	
13.7	0.14	-1.2	0.39	
13.75	0.21	1.1	0.38	130.55
13.8	0.31	0.6	0.37	
13.85	0.36	-0.2	0.38	
13.9	0.4	0.3	0.37	
13.95	0.35	-1.7	0.4	
14	0.26	-3.2	0.4	
14.05	0.22	-0.7	0.38	
14.1	0.09	1.6	0.39	
14.15	0.35	1.4	0.38	
14.2	0.6	-0.2	0.39	
14.25	0.5	1.6	0.38	
14.3	0.3	-0.6	0.38	
14.35	0.42	-1.7	0.37
14.4	0.19	-1.5	0.39
14.45	0.08	0.9	0.39
14.5	0.09	2.8	0.39
14.55	0.29	2.3	0.38
14.6	0.58	1	0.38
14.65	0.59	1.9	0.37
14.7	0.32	0.2	0.38
14.75	0.36	0.7	0.37
14.8	0.22	-0.1	0.4
14.85	0.32	-1.2	0.23
14.9	0.35	-1.3	0.25
14.95	0.29	1.8	0.25
15	0.26	-0.9	0.25
15.05	0.45	0.6	0.26
15.1	0.32	-1.4	0.25
15.15	0.28	1.7	0.21
15.2	0.21	0.5	0.2
15.25	0.66	-1.5	0.23
15.3	0.4	0.8	0.23
15.35	0.15	0.9	0.2
15.4	0.51	-0.6	0.24
15.45	0.62	1	0.24
15.5	0.27	-0.2	0.2
15.55	0.35	0.7	0.25
15.6	0.33	-1.4	0.24
15.65	0.49	-1.8	0.24
15.7	0.42	1.6	0.23
15.75	0.31	0	0.17	149.89
15.8	0.7	-3.2	0.2
15.85	0.42	-1.9	0.17
15.9	0.21	-2.5	0.15
15.95	0.24	-0.5	0.18	
16	0.28	-0.3	0.18	
16.05	0.42	1.1	0.17	
16.1	0.33	0.6	0.16	
16.15	0.46	0.3	0.19	
16.2	0.53	1	0.19	
16.25	0.38	0.9	0.19	
16.3	0.59	-1.5	0.19	
16.35	0.6	-1.8	0.18	
16.4	0.25	0.2	0.18	
16.45	0.3	-0.8	0.16	
16.5	0.56	0.7	0.19	
16.55	0.39	1.6	0.16	
16.6	0.55	-1.6	0.17	
16.65	0.67	-1	0.18	
16.7	0.19	-0.4	0.14	
16.75	0.43	0.5	0.12
16.8	0.37	-0.5	0.14
16.85	0.4	-1.3	0.17
16.9	0.32	0.6	0.14
16.95	0.31	-0.6	0.14
17	0.44	1.7	0.14
17.05	0.28	-1.2	0.16
17.1	0.51	0.1	0.17
17.15	0.2	0.3	0.11
17.2	0.42	-0.6	0.14
17.25	0.63	2.2	0.14
17.3	0.49	-0.5	0.14
17.35	0.73	0.3	0.14
17.4	0.54	0.6	0.13
17.45	0.79	-1.1	0.15
17.5	0.79	1.8	0.14
17.55	0.53	0.8	0.14	
17.6	0.79	1.6	0.15	
17.65	0.49	0	0.12	
17.7	0.67	0.4	0.14	
17.75	0.64	-0.9	0.12	164.81
17.8	0.72	-0.1	0.13	
17.85	0.4	-0.2	0.11	
17.9	0.46	-0.8	0.13	
17.95	0.7	0.5	0.12	
18	0.64	-0.7	0.12	
18.05	0.56	-0.4	0.14	
18.1	0.46	-2.2	0.11	
18.15	0.52	0.7	0.11	
18.2	0.6	1.3	0.11	
18.25	0.46	-1	0.1	
18.3	0.5	-0.1	0.11	
18.35	0.43	-1.1	0.12
18.4	0.45	1.3	0.12
18.45	0.4	0.8	0.11
18.5	0.66	1.1	0.11
18.55	0.54	2.4	0.1
18.6	0.67	1.2	0.09
18.65	0.77	2.6	0.1
18.7	0.26	0.8	0.09
18.75	0.59	-1.6	0.11
18.8	0.84	0.8	0.11
18.85	0.38	-2.5	0.09
18.9	0.76	4.1	0.11
18.95	0.61	0	0.07
19	0.86	2.7	0.11
19.05	0.36	-0.7	0.07
19.1	0.86	1.6	0.09
19.15	0.5	1.4	0.08
19.2	0.68	4.1	0.08
19.25	0.81	-0.8	0.08
19.3	0.78	-1.2	0.08
19.35	0.44	1.7	0.09
19.4	0.55	-0.6	0.07
19.45	0.77	1.4	0.08
19.5	0.36	-1	0.1
19.55	0.78	-1.6	0.08
19.6	0.51	-1.9	0.06
19.65	0.47	0.7	0.08
19.7	0.41	1.7	0.06
19.75	0.51	1.4	0.07	173.83
19.8	0.44	1.3	0.1
19.85	0.51	-0.4	0.08
19.9	0.59	-2.8	0.07
19.95	0.42	-1.6	0.05	
20	0.6	-1	0.08	
20.05	0.52	2.3	0.08	
20.1	0.55	2.4	0.07	
20.15	0.84	-1	0.05	
20.2	0.83	1.1	0.07	
20.25	0.41	-1.6	0.06	
20.3	0.48	-0.6	0.08	
20.35	0.37	-1.1	0.07	
20.4	0.41	-0.8	0.06	
20.45	0.41	3.2	0.08	
20.5	0.5	-1.6	0.06	
20.55	0.81	2	0.1	
20.6	0.55	2.1	0.06	
20.65	0.78	1.8	0.06	
20.7	0.63	2	0.09	
20.75	0.59	-0.7	0.07
20.8	0.57	1.1	0.08
20.85	0.4	-0.2	0.07
20.9	0.64	2.3	0.09
20.95	0.46	0.5	0.06
21	0.67	0.1	0.09
21.05	0.55	0.6	0.07
21.1	0.58	1.6	0.06
21.15	0.63	0.7	0.05
21.2	0.56	1.2	0.06
21.25	0.46	2.8	0.05
21.3	0.4	3.4	0.06
21.35	0.74	3.1	0.05
21.4	0.77	2.8	0.06
21.45	0.74	3.1	0.07
21.5	0.56	4.6	0.04
21.55	0.7	2.6	0.07	
21.6	0.85	4.4	0.06	
21.65	0.59	5.6	0.04	
21.7	0.58	8	0.04	
21.75	0.76	16.8	0.06	186.98	
21.8	0.68	21	0.05	
21.85	0.81	21.4	0.06	
21.9	0.75	15.7	0.05	
21.95	0.86	19.7	0.05	
22	0.71	15.7	0.05	
22.05	0.79	11.7	0.05	
22.1	0.67	13.8	0.05	
22.15	0.56	12.5	0.07	
22.2	1.01	11.9	0.07	
22.25	0.68	10	0.08	
22.3	0.57	7.5	0.07	
22.35	0.6	4.6	0.08
22.4	0.73	4.8	0.07
22.45	0.71	3.9	0.05
22.5	0.67	3.9	0.05
22.55	0.73	5.4	0.05
22.6	0.88	7.5	0.05
22.65	0.67	6.7	0.05
22.7	0.79	7.3	0.05
22.75	0.72	9.3	0.03
22.8	0.6	8.8	0.04
22.85	0.8	6.5	0.03
22.9	0.81	6.4	0.06
22.95	0.55	5	0.05
23	0.68	6.9	0.06
23.05	0.59	3.2	0.03
23.1	0.73	4.2	0.06
23.15	0.63	4.1	0.04
23.2	0.79	3.1	0.05
23.25	0.69	4.6	0.06
23.3	0.64	6.2	0.03
23.35	0.59	4.4	0.04
23.4	0.92	2.9	0.04
23.45	0.75	4.6	0.03
23.5	0.5	3.6	0.05
23.55	0.68	2.4	0.04
23.6	0.64	3.4	0.02
23.65	0.56	5.6	0.02
23.7	0.52	4.5	0.04
23.75	0.77	4.1	0.04	201.92
23.8	0.68	4.1	0.02
23.85	0.71	4.3	0.04
23.9	0.6	7.1	0.04
23.95	0.72	10.3	0.03	
24	0.86	7.5	0.05	
24.05	0.73	7.3	0.04	
24.1	0.89	4.1	0.02	
24.15	0.82	6.3	0.05	
24.2	0.71	6.2	0.02	
24.25	0.89	7.6	0.05	
24.3	0.77	6.8	0.04	
24.35	0.83	10.9	0.07	
24.4	0.62	6.5	0.03	
24.45	0.92	7.5	0.07	
24.5	0.69	6.5	0.04	
24.55	0.82	7.7	0.04	
24.6	0.92	7.1	0.04	
24.65	0.91	9.3	0.03	
24.7	0.81	7.3	0.04	
24.75	0.89	7	0.02
24.8	0.66	6.7	0.05
24.85	0.8	7.7	0.05
24.9	0.7	5.4	0.04
24.95	0.8	7.6	0.05
25	0.75	7.2	0.03
25.05	0.88	6.1	0.05
25.1	0.93	6.8	0.05
25.15	0.66	4.2	0.07
25.2	0.98	6.5	0.05
25.25	0.68	5.9	0.02
25.3	0.92	5	0.05
25.35	0.73	7.2	0.02
25.4	0.64	7.8	0.05
25.45	0.88	5.7	0.03
25.5	0.93	5.9	0.05
25.55	0.66	6.5	0.05	
25.6	0.83	5.1	0.04	
25.65	0.89	6.2	0.05	
25.7	0.64	5.4	0.03	
25.75	0.92	7.9	0.05	215.89	
25.8	0.79	7	0.03	
25.85	1	5.5	0.05	
25.9	0.98	7.2	0.04	
25.95	0.71	8.7	0.04	
26	0.93	7.6	0.03	
26.05	0.81	8.1	0.05	
26.1	0.75	5.3	0.04	
26.15	0.88	5.8	0.03	
26.2	0.77	4.9	0.03	
26.25	0.91	-1.1	0.05	
26.3	0.85	6.9	0.02	
26.35	0.61	7.8	0.04
26.4	0.9	6.7	0.06
26.45	0.91	5.7	0.06
26.5	0.91	7.2	0.04
26.55	0.77	7.7	0.03
26.6	0.79	9.1	0.04
26.65	0.91	6.3	0.04
26.7	0.96	9.5	0.04
26.75	0.59	7	0.04
26.8	1.04	8.7	0.05
26.85	0.73	10.3	0.04
26.9	0.96	9.7	0.04
26.95	1.03	10.2	0.04
27	0.9	10.7	0.03
27.05	0.97	7.6	0.03
27.1	1.07	9.1	0.03
27.15	0.8	9	0.04
27.2	0.84	8.8	0.03
27.25	0.82	7.7	0.04
27.3	0.94	8.7	0.05
27.35	0.93	11.4	0.03
27.4	1.02	12	0.04
27.45	0.88	12	0.03
27.5	1.18	12.7	0.05
27.55	1.11	12.4	0.05
27.6	1.1	10.2	0.06
27.65	1.09	10.2	0.04
27.7	0.96	9.8	0.04
27.75	0.88	13.2	0.04	229.63
27.8	0.82	12.2	0.04
27.85	1.03	13.2	0.05
27.9	1.06	10.5	0.03
27.95	1.04	15.8	0.04	
28	1.05	16.8	0.02	
28.05	1.02	16.8	0.04	
28.1	1.07	15.7	0.06	
28.15	1.02	13.6	0.04	
28.2	1.1	15.5	0.06	
28.25	1.15	17.3	0.03	
28.3	1.18	14.7	0.04	
28.35	1.16	17.1	0.06	
28.4	1	15.7	0.04	
28.45	1.07	15.1	0.04	
28.5	1.09	13	0.05	
28.55	1.08	14.4	0.04	
28.6	1.15	13.6	0.04	
28.65	1.4	15.1	0.03	
28.7	1.19	13.2	0.03	
28.75	1.25	11.3	0.05
28.8	1.14	10.9	0.05
28.85	1.21	9.8	0.04
28.9	1.16	11	0.05
28.95	1.16	11.2	0.04
29	1.18	11.2	0.04
29.05	1.09	12.8	0.04
29.1	1.16	11.7	0.04
29.15	1.36	12.8	0.04
29.2	1.34	12.3	0.05
29.25	1.45	14.8	0.05
29.3	1.45	10.4	0.04
29.35	1.43	11.3	0.06
29.4	1.34	10.2	0.04
29.45	1.3	13.2	0.05
29.5	1.22	16.3	0.03
29.55	1.4	16.5	0.04	
29.6	1.32	14.7	0.05	
29.65	1.4	14.5	0.06	
29.7	1.48	13.9	0.04	
29.75	1.53	15.3	0.03	241.9	
29.8	1.35	15.1	0.04	
29.85	1.47	14	0.03	
29.9	1.49	15.7	0.05	
29.95	1.44	22.8	0.04	
30	1.64	20.3	0.04	
30.05	1.45	20.3	0.03	
30.1	1.53	20.1	0.04	
30.15	1.58	21.2	0.04	
30.2	1.64	21.4	0.05	
30.25	1.77	22.2	0.06	
30.3	1.76	21.6	0.03	
30.35	1.7	40.3	0.06
30.4	2.08	70.7	0.03
30.45	2.42	95	0.03
30.5	2.23	97.5	0.04
30.55	2.56	96	0.04
30.6	2.42	90	0.04
30.65	2.34	85	0.03
30.7	2.28	75.6	0.03
30.75	2.4	67.3	0.04
30.8	2.16	71.8	0.03
30.85	2.33	77.2	0.06
30.9	2.38	74.7	0.03
30.95	2.27	69.3	0.04
31	2.21	66.7	0.04
31.05	2.56	80.3	0.04
31.1	2.47	80.4	0.05
31.15	2.64	88.6	0.06
31.2	2.48	90.8	0.03
31.25	2.57	87.3	0.04
31.3	2.33	70.8	0.04
31.35	2.17	50.4	0.03
31.4	2.25	43.3	0.07
31.45	2.33	44.9	0.03
31.5	2.23	39.9	0.04
31.55	2.74	44.1	0.04
31.6	2.5	38.5	0.04
31.65	2.3	32.5	0.05
31.7	2.15	29.5	0.05
31.75	2.59	47.5	0.05	251.87
31.8	2.92	34.7	0.05
31.85	2.66	23.8	0.05
31.9	2.25	27.3	0.03
31.95	3.07	80.9	0.06	
32	4.17	96.4	0.04	
32.05	7.94	113	0.04	
32.1	11.36	119.8	0.03	
32.15	13.53	128.1	0.04	
32.2	16.44	203.4	0.06	
32.25	18.91	156.5	0.07	
32.3	17.32	261.7	0.07	
32.35	13.81	269.4	0.06	
32.4	7.52	253.1	0.07	
32.45	8.49	228.1	0.07	
32.5	13.79	234.7	0.08	
32.55	24.1	207	0.08	
32.6	23.75	239.7	0.09	
32.65	25	191.7	0.11	
32.7	21.33	284.1	0.1	
32.75	20.81	338	0.09
32.8	23.6	299.2	0.08
32.85	24.56	292.3	0.08
32.9	23.17	239.3	0.06
32.95	26.26	262.9	0.12
33	25.86	182	0.16
33.05	20.48	188.5	0.16
33.1	18.26	206	0.15
33.15	18.3	190.8	0.21
33.2	17.2	194.1	0.23
33.25	15.85	209.8	0.21
33.3	16.78	201.8	0.22
33.35	18.54	173.2	0.2
33.4	20.36	216.1	0.21
33.45	21.64	94.2	0.25
33.5	22.75	159.5	0.23
33.55	22.81	187.2	0.25	
33.6	22.14	187.9	0.24	
33.65	22.77	127.7	0.27	
33.7	21.96	103.5	0.26	
33.75	17.81	61.8	0.33	260.22
33.8	13.86	116.4	0.3	
33.85	10	133.1	0.34	
33.9	4.8	130.3	0.35	
33.95	2.76	103.5	0.42	
34	6.21	88.3	0.42	
34.05	13.93	65.7	0.39	
34.1	15.62	131.2	0.39	
34.15	17.25	159.7	0.39	
34.2	20.55	155.3	0.38	
34.25	21.97	172.9	0.38	
34.3	23.44	213.5	0.37	
34.35	23.06	163.7	0.34
34.4	22.39	141.2	0.33
34.45	22.6	106.1	0.31
34.5	19.93	99.9	0.31
34.55	12.55	154.6	0.31
34.6	8.02	184.3	0.31
34.65	4.94	122.7	0.31
34.7	3.2	68.1	0.3
34.75	2.19	22.8	0.27
34.8	1.76	7.7	0.28
34.85	1.61	5.6	0.28
34.9	1.28	5	0.31
34.95	1.48	13	0.3
35	1.65	10	0.3
35.05	1.56	12.6	0.32
35.1	1.3	10.1	0.33
35.15	1.43	11.3	0.37
35.2	1.43	21.3	0.4
35.25	1.94	20	0.39
35.3	2.01	15.7	0.39
35.35	1.48	15.8	0.39
35.4	1.49	19.5	0.38
35.45	1.54	14.2	0.38
35.5	1.35	21.3	0.38
35.55	1.37	18.2	0.4
35.6	1.36	35	0.39
35.65	1.53	42.9	0.42
35.7	2.78	41.9	0.39
35.75	2.46	22.8	0.51	268.54
35.8	1.85	22.9	0.5
35.85	1.73	16	0.52
35.9	1.19	16.6	0.52
35.95	1.36	30.3	0.53	
36	1.33	75.4	0.56	
36.05	2.59	133.8	0.56	
36.1	9	112	0.56	
36.15	12.2	138.7	0.58	
36.2	13.08	171.7	0.59	
36.25	14.98	205.3	0.56	
36.3	15.73	194.4	0.65	
36.35	21.25	212.9	0.6	
36.4	22.12	136.4	0.54	
36.45	21.31	142.1	0.54	
36.5	21.4	104.8	0.46	
36.55	16.94	87.2	0.56	
36.6	15.31	73.9	0.47	
36.65	15.15	97.7	0.42	
36.7	18.31	122.8	0.43	
36.75	23.92	144.1	0.39
36.8	26.44	134.4	0.4
36.85	25.91	140	0.44
36.9	25.54	278.9	0.39
36.95	27.75	264.3	0.42
37	27.12	167.8	0.4
37.05	24.15	183.7	0.24
37.1	24.52	119.1	0.24
37.15	21.23	89	0.22
37.2	20.68	73.5	0.18
37.25	20.29	81.9	0.12
37.3	18.98	99.6	0.13
37.35	17.13	135.1	0.07
37.4	19.59	124	0.05
37.45	21.52	34	0.05
37.5	14.09	80.2	0.09
37.55	6.24	114.1	0.08	
37.6	4.72	59.7	0.04	
37.65	3.12	46.7	0.08	
37.7	2.6	55.9	0.05	
37.75	3.22	24.3	0.07	276.64	
37.8	2.98	15.8	0.07	
37.85	1.91	29.4	0.07	
37.9	2.45	21.4	0.05	
37.95	2.3	39.7	0.06	
38	1.89	34.4	0.07	
38.05	1.95	35.4	0.06	
38.1	1.92	35.3	0.07	
38.15	1.85	33.8	0.07	
38.2	1.72	31.1	0.06	
38.25	1.99	28.3	0.06	
38.3	2.01	26.8	0.06	
38.35	1.73	29.6	0.08
38.4	1.65	27.5	0.06
38.45	1.74	27.3	0.06
38.5	1.74	5.8	0.05
38.55	1.64	35.3	0.06
38.6	1.45	28.9	0.03
38.65	1.9	32.7	0.05
38.7	1.52	29.6	0.05
38.75	1.6	32	0.1
38.8	2.11	28.2	0.04
38.85	1.58	26.7	0.09
38.9	1.74	27	0.05
38.95	1.75	32.3	0.05
39	1.86	36.8	0.02
39.05	1.7	34.1	0.03
39.1	1.99	29	0.04
39.15	1.76	27.6	0.04
39.2	2	26.9	0.04
39.25	1.68	30.7	0.05
39.3	1.71	27.4	0.05
39.35	2.06	24.3	0.05
39.4	1.84	25.4	0.05
39.45	1.85	33.2	0.04
39.5	2.87	45.1	0.04
39.55	3.79	44.6	0.03
39.6	1.7	36.6	0.04
39.65	2.02	25.2	0.02
39.7	1.88	24	0.03
39.75	1.95	23.2	0.02	285.46
39.8	1.75	25.8	0.02
39.85	1.68	30	0.06
39.9	1.85	32.2	0.05
39.95	2.05	44.8	0.05	
40	2.2	43.4	0.05	
40.05	2.47	45.6	0.04	
40.1	2.12	43.3	0.02	
40.15	1.97	45.7	0.07	
40.2	2.33	42	0.02	
40.25	2.41	39.8	0.03	
40.3	1.94	35.4	0.07	
40.35	1.92	37.4	0.06	
40.4	1.75	38.4	0.05	
40.45	2.2	42.1	0.04	
40.5	2.24	49.3	0.05	
40.55	2.3	13.5	0.04	
40.6	2.29	13.9	0.06	
40.65	1.43	18.2	0.04	
40.7	1.69	57.8	0.05	
40.75	1.69	59.4	0.06
40.8	2.46	61.4	0.05
40.85	2.63	67.3	0.05
40.9	2.25	69.7	0.04
40.95	2.44	65.4	-0.02
41	2.02	55.3	0.04
41.05	2.63	48.1	0.04
41.1	2.55	40.6	0.04
41.15	2.35	48.2	0.05
41.2	2.49	40.5	0.04
41.25	2.44	33.2	0.05
41.3	2.37	28.1	0.04
41.35	2.43	34	0.04
41.4	2.45	40.2	0.06
41.45	2.38	43.1	0.01
41.5	2.53	48.8	0.03
41.55	2.56	51.7	0.03
41.6	3.07	77.9	0.04
41.65	4.22	160.2	-0.01
41.7	7.62	136	0.04
41.75	5.7	65.1	0.04
41.8	3.12	63.8	0.07
41.85	3.59	90	-0.03
41.9	4.7	94.9	0.02
41.95	4.18	185.7	0.08
42	3.31	141.1	0.03
42.05	4.12	99.7	0.02
42.1	3.52	65.6	0.03
42.15	3.22	51.2	0.05
42.2	3.64	39.1	0.01
42.25	3.03	33.7	0.02
42.3	2.83	30.6	0.03
42.35	2.49	34.3	0.09
42.4	2.53	43.2	0.05
42.45	2.67	44.5	0.03
42.5	2.88	51.9	0.05
42.55	2.03	47.7	0.08
42.6	2.8	47.4	0.06
42.65	2.34	46.6	0.08
42.7	2.94	-32768	0.04
42.75	3.07	-32768	0
