File name:	ALC013
Date:	1/12/2001
UTM Grid Zone:	10S
"UTM-X, m:"	563567
"UTM-Y, m:"	4182488
Datum:	1927 NAD
"Elevation, m:"	1.5
"Total depth, m:"	24
"Water depth, m:"	1.7
City:	Alameda
County:	Alameda
State:	CA
USGS Quadrangle:	Oakland West
Cone No.:	660
Source:	USGS
"Surface horiz. offset (seismic source to CPT), m:"	0.96

Depth (m)	Tip Resistance (MN/m2)	Sleeve Friction (kN/m2)	Inclination (degree)	S-wave travel time (ms)
0.05	91.69	353.6	0.07	
0.1	67.13	568.3	0.05	
0.15	42.44	662	0.07	
0.2	34.65	581.5	0.06	
0.25	32.06	462.8	0.09	
0.3	27.84	496.9	0.06	
0.35	24.37	594.9	0.06	
0.4	22.42	792.3	0.07	
0.45	19.81	709.2	0.05	
0.5	15.42	520.2	0.08	
0.55	10.47	320	0.08	
0.6	5.35	206.1	0.1	
0.65	6.13	210.9	0.08	
0.7	13.98	4.3	0.09	
0.75	16.35	166.1	0.15
0.8	1.26	235.4	0.18
0.85	18.23	232.3	0.13
0.9	15.78	238	0.13
0.95	25.69	254.6	0.18
1	21.9	567.4	0.16
1.05	21.84	502.6	0.21
1.1	19.55	408.5	0.25
1.15	16.26	213.4	0.27
1.2	14.24	261.3	0.29
1.25	11.11	221.2	0.29
1.3	8.21	182.8	0.42
1.35	5.86	112.8	0.45
1.4	4.45	106.6	0.47
1.45	2.98	80.4	0.45
1.5	3.07	79.6	0.58
1.55	2.73	62.4	0.59	
1.6	2.04	53.8	0.59	
1.65	1.76	50.7	0.58	
1.7	2.14	61.1	0.56	
1.75	2.96	61.5	0.63	5.95
1.8	3.16	73.6	0.67	
1.85	1.49	48.1	0.65	
1.9	0.91	34.1	0.64	
1.95	1.26	55.3	0.66	
2	1.02	71.8	0.68
2.05	1.2	51.2	0.75	
2.1	1.02	34.1	0.76	
2.15	0.4	16.3	0.75	
2.2	0.65	13	0.76	
2.25	0.53	9	0.79	
2.3	0.29	5.9	0.8	
2.35	0.15	6.2	0.79
2.4	0.06	8.1	0.78
2.45	0.11	21.3	0.81
2.5	2.35	33.2	0.82
2.55	4.98	60.9	0.85
2.6	8.97	78.8	0.83
2.65	13.32	113.5	0.88
2.7	13.9	130.7	0.84
2.75	13.68	128.9	0.9
2.8	13.49	117.6	0.89
2.85	12.91	107.8	0.89
2.9	11.78	89	0.89
2.95	11.18	87.9	0.91
3	10.58	77.2	0.98
3.05	10.19	74.4	0.98
3.1	9.43	70.6	0.99
3.15	9.34	63.4	1.01
3.2	9.07	62.9	1.03
3.25	9.04	64.3	1.06
3.3	8.76	63.3	1.09
3.35	7.82	60.2	1.11
3.4	7.48	60.4	1.1
3.45	6.39	60.1	1.12
3.5	5.14	57.9	1.17
3.55	3.2	71.9	1.18
3.6	1.36	54.8	1.17
3.65	0.92	27.3	1.21
3.7	0.3	7.6	1.21
3.75	0.4	5.7	1.19	17.64
3.8	0.06	3.6	1.19
3.85	0.15	1.6	1.21
3.9	0.13	3.8	1.2
3.95	0.24	3.5	1.2	
4	0.47	5.7	1.21	
4.05	0.32	3.8	1.16	
4.1	0.48	4.8	1.16	
4.15	0.27	4.8	1.17	
4.2	0.4	2.6	1.16	
4.25	0.44	4.2	1.18	
4.3	0.16	8	1.19	
4.35	0.03	5	1.18	
4.4	0.4	6.3	1.32	
4.45	0.29	3.7	1.29	
4.5	0.41	3.3	1.32	
4.55	0.19	3.1	1.29	
4.6	0.3	0.6	1.29	
4.65	0.27	2.4	1.3	
4.7	0.05	2.3	1.31	
4.75	0.24	2.8	1.32
4.8	0.31	2.6	1.33
4.85	0.4	3.5	1.33
4.9	0.35	-0.8	1.34
4.95	0.46	4	1.37
5	0.15	2.2	1.35
5.05	0.47	1.1	1.71
5.1	0.29	4.2	1.7
5.15	0.09	2	1.7
5.2	0.49	2.1	1.69
5.25	0.19	5.1	1.69
5.3	0.15	0.1	1.69
5.35	0.58	-0.3	1.71
5.4	0.08	3.4	1.68
5.45	-0.05	1.1	1.69
5.5	0.36	2.7	1.7
5.55	0.32	1.2	1.67	
5.6	0.42	1.1	1.7	
5.65	0.02	-0.9	1.7	
5.7	0.15	3	1.68	
5.75	0.09	2.3	1.68	39.68	
5.8	0.44	4.4	1.71	
5.85	0.36	3.1	1.66	
5.9	0.42	2.5	1.71	
5.95	0.4	4.1	1.7	
6	0.28	3.1	1.69	
6.05	0.42	3.3	1.69	
6.1	0.36	2	1.69	
6.15	0.4	1.4	1.69	
6.2	0.35	0.9	1.67	
6.25	0.27	2	1.69	
6.3	0.24	0.2	1.68	
6.35	0.35	1.1	1.66
6.4	0.16	6.8	1.69
6.45	0.36	1.5	1.69
6.5	0.65	-1.3	1.7
6.55	-0.03	3.3	1.7
6.6	-0.04	4.2	1.71
6.65	0.66	-2.3	1.65
6.7	0.66	3.1	1.68
6.75	-0.02	3.4	1.67
6.8	0.38	5	1.69
6.85	0.28	-0.7	1.71
6.9	0.57	-2.2	1.69
6.95	-0.06	1.9	1.69
7	-0.3	5.4	1.69
7.05	0.33	0.4	1.72
7.1	0.66	2.1	1.76
7.15	0.19	2	1.73
7.2	0.47	0.1	1.76
7.25	0.36	0.3	1.76
7.3	0.13	1.7	1.76
7.35	0.25	2.9	1.78
7.4	0.24	0.2	1.8
7.45	0.33	0.3	1.83
7.5	0.18	3	1.8
7.55	0.27	1.7	1.8
7.6	0.45	1.9	1.82
7.65	0.38	2.4	1.8
7.7	0.41	3.3	1.81
7.75	0.42	1.6	1.83	61.28
7.8	0.39	-2.1	1.9
7.85	0.26	-0.9	1.87
7.9	0.71	7.2	1.9
7.95	0.71	7.2	1.9
8.00	0.71	7.2	1.9	
8.05	0.71	7.2	1.9	
8.1	0.58	5.3	1.92	
8.15	0.73	1.9	1.91	
8.2	0.56	4.2	1.91	
8.25	0.3	4.8	1.92	
8.3	0.48	4.1	1.89	
8.35	0.48	5.6	1.91	
8.4	0.51	3.1	1.92	
8.45	0.51	5.2	1.93	
8.5	0.35	5.9	1.94	
8.55	0.59	1.9	1.99	
8.6	0.69	2.3	1.99	
8.65	0.19	3.8	2	
8.7	0.3	4.9	2.01	
8.75	0.39	6.1	2.01
8.8	0.43	4.2	2.02
8.85	0.54	4.8	2.03
8.9	0.46	8	2.04
8.95	0.51	1.8	2.01
9	0.6	5.8	2.01
9.05	0.16	3	2.09
9.1	0.52	3.1	2.12
9.15	0.33	2.5	2.1
9.2	0.39	5.7	2.09
9.25	0.4	8.2	2.09
9.3	0.81	13.6	2.11
9.35	2.27	13.3	2.11
9.4	1.16	12.4	2.13
9.45	0.5	11.4	2.15
9.5	0.92	8.8	2.18
9.55	0.79	6.6	2.16	
9.6	0.61	7.5	2.18	
9.65	0.49	3	2.18	
9.7	0.67	3.6	2.23	
9.75	0.27	5.3	2.21	80.37	
9.8	0.51	5.4	2.21	
9.85	0.72	0.8	2.26	
9.9	0.59	6.3	2.32	
9.95	0.01	7.9	2.34	
10	0.54	8.5	2.33	
10.05	0.79	5.2	2.35	
10.1	0.82	8.4	2.36	
10.15	0.61	7.4	2.34	
10.2	0.83	8.4	2.35	
10.25	0.73	7.1	2.36	
10.3	0.81	4.5	2.38	
10.35	0.76	5.7	2.36
10.4	0.47	6.2	2.41
10.45	0.67	7.9	2.42
10.5	0.68	6.1	2.44
10.55	0.76	4.1	2.44
10.6	0.9	3	2.43
10.65	0.58	3.6	2.42
10.7	0.79	4.9	2.41
10.75	0.75	2.1	2.44
10.8	0.8	5.2	2.43
10.85	0.32	10.1	2.45
10.9	0.87	6.6	2.42
10.95	1.19	8.5	2.41
11	0.47	6.7	2.45
11.05	1.07	3.5	2.43
11.1	0.65	4.7	2.55
11.15	0.72	5.4	2.51
11.2	0.57	2.3	2.53
11.25	0.69	4	2.53
11.3	0.56	6.1	2.53
11.35	0.82	5.1	2.54
11.4	2.11	7.3	2.52
11.45	4.17	17	2.52
11.5	4.77	21.4	2.51
11.55	4.6	23.5	2.52
11.6	3.82	22.9	2.54
11.65	3.02	25.9	2.55
11.7	1.69	17.8	2.54
11.75	0.87	5.2	2.53	97.34
11.8	0.48	5.4	2.54
11.85	0.33	8.6	2.55
11.9	0.76	9	2.57
11.95	0.9	7.2	2.55	
12	0.95	7.9	2.71
12.05	0.92	8	2.71	
12.1	0.9	6.3	2.73	
12.15	0.94	7.9	2.73	
12.2	0.72	10.2	2.72	
12.25	0.72	9.7	2.73	
12.3	0.83	11.4	2.76	
12.35	0.85	8.5	2.74	
12.4	0.99	8.7	2.75	
12.45	0.82	8.7	2.74	
12.5	0.88	8	2.74	
12.55	0.82	7.9	2.74	
12.6	0.87	4.5	2.75	
12.65	0.91	6	2.76	
12.7	0.74	4	2.75	
12.75	0.78	9	2.77
12.8	0.63	7.9	2.78
12.85	0.92	7.8	2.82
12.9	0.84	6.7	2.79
12.95	0.73	7.3	2.78
13	0.64	7.2	2.8
13.05	0.62	8.5	2.8
13.1	0.53	9.6	2.81
13.15	0.79	9.5	2.8
13.2	0.81	12	2.81
13.25	0.89	13.6	2.8
13.3	1.23	15	2.8
13.35	1.14	13.4	2.8
13.4	0.73	11.1	2.8
13.45	0.66	4.5	2.8
13.5	0.86	2.2	2.82
13.55	0.74	3.7	2.81	
13.6	0.55	4.7	2.84	
13.65	0.82	1.4	2.83	
13.7	0.81	8.5	2.85	
13.75	0.57	8.5	2.97	114.98	
13.8	1.45	6.2	2.96	
13.85	1.35	12.1	2.99	
13.9	1.09	25.5	3	
13.95	1.94	36	3.01	
14	4.51	70.6	2.94	
14.05	6.91	70.7	2.94	
14.1	10.41	72.7	2.95	
14.15	11.1	80.9	2.93	
14.2	11.43	98.9	2.94	
14.25	11.15	125.4	2.92	
14.3	9.77	94.5	2.92	
14.35	6.87	93.3	2.93
14.4	4.65	74.5	2.94
14.45	5.56	71.9	2.95
14.5	6.37	37.8	2.96
14.55	7.35	87.2	2.95
14.6	6.03	96.7	2.94
14.65	9.5	178.9	2.93
14.7	14.71	264.8	2.93
14.75	17.51	307	2.92
14.8	16.6	283.5	2.93
14.85	14.47	216.4	2.91
14.9	12.83	198.1	2.92
14.95	12.79	182.7	2.95
15	14.83	152.8	2.96
15.05	14.2	147	2.95
15.1	13.17	69.1	3.09
15.15	11.47	67.2	3.14
15.2	9.56	49.7	3.09
15.25	9.57	35.1	3.19
15.3	9.26	36.3	3.2
15.35	8.29	45.7	3.22
15.4	7.69	77.8	3.37
15.45	9.18	122.4	3.37
15.5	11.81	135.7	3.45
15.55	13.02	122.2	3.44
15.6	18.32	187.3	3.55
15.65	22.65	178.8	3.59
15.7	25.2	178.3	3.68
15.75	24.66	242.5	3.71	125
15.8	21.77	333.3	3.75
15.85	22.41	404.7	3.77
15.9	25.74	493.6	3.78
15.95	30.24	291.1	3.78	
16	32.61	348.3	3.79
16.05	32.51	399.1	3.78	
16.1	34.46	451.2	3.79	
16.15	33.94	460	3.8	
16.2	33.4	445.2	4.09	
16.25	30.94	431.5	4.14	
16.3	25.45	409.8	4.16	
16.35	16.96	404.1	4.21	
16.4	13.64	342.2	4.31	
16.45	8.34	297.7	4.36	
16.5	4.88	172.3	4.39	
16.55	3.51	98.1	4.43	
16.6	2.76	50.6	4.47	
16.65	2.64	42.9	4.55	
16.7	2.28	36.3	4.58	
16.75	2.11	29.9	4.66
16.8	1.94	21.8	4.72
16.85	1.76	17.8	4.71
16.9	1.52	15.5	4.73
16.95	1.4	11.4	4.74
17	1.86	13.3	4.73
17.05	1.91	19.9	4.75
17.1	2.08	26.7	4.74
17.15	2.39	33.8	4.79
17.2	2.13	46.5	4.81
17.25	2.36	68	4.82
17.3	2.72	89	4.83
17.35	2.68	97.8	4.84
17.4	2.6	95.2	4.87
17.45	2.65	85.4	4.87
17.5	2.67	80.3	4.89
17.55	2.42	64	4.9	
17.6	2.36	54.9	4.91	
17.65	2.49	58.8	4.97	
17.7	2.45	83.4	5.05	
17.75	2.62	106.8	5.06	130.42
17.8	2.41	111.1	4.9	
17.85	2.44	101	5.08	
17.9	2.54	87.5	5.08	
17.95	2.15	91	5.12	
18	2.47	96.4	5.1	
18.05	2.03	89.3	5.23	
18.1	2.25	85	5.19	
18.15	2.09	76	5.2	
18.2	2.04	73.9	5.23	
18.25	2.26	85.5	5.22	
18.3	2.32	96	5.23	
18.35	2.62	98.4	5.24
18.4	2.56	93.2	5.27
18.45	2.42	91	5.27
18.5	2.49	100.3	5.28
18.55	2.27	103.2	5.3
18.6	2.56	94.7	5.3
18.65	2.54	88	5.31
18.7	2.51	89.4	5.38
18.75	2.39	95.9	5.39
18.8	2.27	96.5	5.4
18.85	2.39	93.5	5.4
18.9	2.49	82.7	5.5
18.95	2.53	74.5	5.56
19	2.35	70.1	5.58
19.05	2.5	72.2	5.62
19.1	2.35	71	5.64
19.15	2.41	66.2	5.66
19.2	2.29	62.4	5.72
19.25	1.99	53.4	5.75
19.3	1.97	50.8	5.75
19.35	2.12	49.2	5.77
19.4	2.17	50.8	5.79
19.45	2.15	56.5	5.8
19.5	2.44	60.8	5.79
19.55	2.44	76.5	5.81
19.6	2.4	78.3	5.83
19.65	2.45	86.8	5.82
19.7	2.63	88.5	5.97
19.75	2.25	85.8	5.98	138.77
19.8	2.64	83.9	5.99
19.85	2.62	85.1	6.01
19.9	2.64	85.4	6
19.95	2.57	5.1	6.01	
20	2.39	82.3	6.07	
20.05	1.38	85.6	6.09	
20.1	2.51	92.9	6.14	
20.15	2.51	98.2	6.15	
20.2	2.46	90.1	6.15	
20.25	2.16	78.1	6.23	
20.3	2.32	71.1	6.23	
20.35	2.76	75.9	6.24	
20.4	3.31	81.7	6.27	
20.45	4.07	137.2	6.29	
20.5	8.69	147.9	6.28	
20.55	7.04	205.5	6.31	
20.6	6.41	222.7	6.4	
20.65	7.01	293.7	6.41	
20.7	9.06	384.9	6.43	
20.75	11.51	461.9	6.53
20.8	14.99	428	6.54
20.85	18.18	391	6.6
20.9	19.35	295.3	6.65
20.95	19.85	241.4	6.7
21	17.8	293.1	6.72
21.05	14.11	387.8	6.71
21.1	12.09	512.4	6.73
21.15	10.64	443.5	6.76
21.2	8.45	388	6.77
21.25	6.85	305.4	6.82
21.3	6.07	238.2	6.82
21.35	4.96	188.5	6.89
21.4	3.66	131.2	6.92
21.45	3.09	91.2	6.94
21.5	2.68	75.5	6.97
21.55	2.67	72.3	6.95	
21.6	2.88	76	6.99	
21.65	2.78	84.7	7.06	
21.7	2.72	86.2	7.06	
21.75	2.97	75.7	7.05	146.19
21.8	2.66	66.9	7.06	
21.85	2.69	49.4	7.07	
21.9	2.63	139.3	7.07	
21.95	7.46	164.8	7.18	
22	3.99	152.5	7.22	
22.05	2.57	75.8	7.21	
22.1	2.68	64.2	7.21	
22.15	2.76	75.9	7.19	
22.2	2.77	69.2	7.2	
22.25	2.93	75	7.2	
22.3	2.81	65.7	7.21	
22.35	2.52	48.2	7.2
22.4	2.76	51	7.19
22.45	2.52	56.4	7.2
22.5	3.01	58.3	7.19
22.55	2.81	49.2	7.51
22.6	2.44	43.7	7.53
22.65	2.36	43.7	7.55
22.7	2.26	42.7	7.56
22.75	2.31	42	7.54
22.8	2.2	43.1	7.58
22.85	2.33	52.4	7.61
22.9	2.57	62.8	7.61
22.95	3.2	77.4	7.63
23	3.16	100.3	7.69
23.05	4.03	99.3	7.71
23.1	4.04	145.5	7.7
23.15	5.09	158	7.72
23.2	7.11	171.2	7.77
23.25	7.52	143.5	7.81
23.3	4.64	118.2	7.84
23.35	3.85	85.7	7.86
23.4	2.9	61.9	7.86
23.45	2.51	44.4	7.88
23.5	2.56	41.3	7.9
23.55	2.66	39.9	7.91
23.6	2.49	40.5	7.91
23.65	2.77	47.4	7.93
23.7	3.02	51	7.92
23.75	2.97	50.5	7.94	154.06
23.8	2.61	51.9	7.95
23.85	2.88	47.9	7.97
23.9	2.6	45.2	8.01
23.95	2.84	-32768	8.01	
24	2.51	-32768	8.05
