File name:	ALC010
Date:	12/8/2000
UTM Grid Zone:	10S
"UTM-X, m:"	562774
"UTM-Y, m:"	4182016
Datum:	1927 NAD
"Elevation, m:"	1.5
"Total depth, m:"	34
"Water depth, m:"	
City:	Alameda
County:	Alameda
State:	CA
USGS Quadrangle:	Oakland West
Cone No.:	660
Source:	USGS
"Surface horiz. offset (seismic source to CPT), m:"	0.96

Depth (m)	Tip Resistance (MN/m2)	Sleeve Friction (kN/m2)	Inclination (degree)	S-wave travel time (ms)
0.05	70.49	379.4	1.23	
0.1	59.82	488.2	0.15	
0.15	38.25	532.8	0.12	
0.2	34.33	475.9	0.19	
0.25	27.78	427.9	0.16	
0.3	28.4	504.9	0.15	
0.35	26.45	304.4	0.18	
0.4	16.97	367.1	0.17	
0.45	9.63	300.7	0.16	
0.5	5.87	278.1	0.11	
0.55	4.34	169.1	0.08	
0.6	5.2	129.2	0.08	
0.65	4.89	143.3	0.08	
0.7	4.62	270.4	0.09	
0.75	14.23	232.6	0.08
0.8	16.48	394.5	0.09
0.85	14.73	505.1	0.09
0.9	16.12	483.9	0.07
0.95	15.11	480.1	0.06
1	14	460.7	0.07
1.05	10.97	380.2	0.09
1.1	8.8	216.5	0.08
1.15	6.61	158.5	0.08
1.2	6.59	107.5	0.09
1.25	3.86	86.4	0.08
1.3	1.71	70.2	0.08
1.35	0.92	42.5	0.09
1.4	0.49	28.6	0.08
1.45	0.32	21.6	0.08
1.5	0.28	18.4	0.07
1.55	0.31	22.1	0.05	
1.6	0.41	21.4	0.05	
1.65	0.44	16	0.04	
1.7	0.36	15.7	0.06	
1.75	0.19	7.4	0.05	7.8
1.8	0.14	10.1	0.06	
1.85	0.06	9.6	0.06	
1.9	0.02	10.4	0.05	
1.95	0.11	12.4	0.06	
2	0.05	13.6	0.04	
2.05	0.25	11	0.07	
2.1	0.25	9.3	0.07	
2.15	0.03	12.6	0.05	
2.2	0.41	19.5	0.06	
2.25	0.54	23.6	0.06	
2.3	0.43	19.2	0.05	
2.35	0.47	17	0.07
2.4	0.23	11.3	0.06
2.45	0.38	9.7	0.07
2.5	0.23	11	0.05
2.55	0.33	10.5	0.05
2.6	0.35	20.5	0.05
2.65	0.42	26.6	0.07
2.7	0.44	26.4	0.07
2.75	0.35	19	0.06
2.8	0.04	13.6	0.06
2.85	0.13	6.4	0.06
2.9	0.11	5.8	0.08
2.95	0.13	6.4	0.07
3	0.11	5.6	0.08
3.05	0.04	4.8	0.07
3.1	0.07	4.6	0.07
3.15	0.19	4	0.07
3.2	0.03	3.6	0.06
3.25	0.08	4.9	0.06
3.3	0.08	4.1	0.05
3.35	0.2	3.8	0.05
3.4	0.2	3.1	0.04
3.45	0.17	2.5	0.06
3.5	0.09	2.4	0.05
3.55	0.13	2.9	0.06
3.6	0.08	3	0.05
3.65	0.17	3	0.06
3.7	0.11	3.6	0.04
3.75	0.14	2.6	0.06	31.74
3.8	0.2	2.7	0.06
3.85	0.2	0.7	0.05
3.9	0.14	2.4	0.06
3.95	0.3	8.1	0.06	
4	0.75	15.2	0.08	
4.05	0.54	14.7	0.07	
4.1	0.26	11.5	0.07	
4.15	0.22	5.1	0.08	
4.2	0.23	1.7	0.07	
4.25	0.15	4.1	0.08	
4.3	0.04	1.8	0.06	
4.35	0.23	4.5	0.07	
4.4	0.16	7.3	0.06	
4.45	0.28	12.3	0.07	
4.5	0.36	18.3	0.06	
4.55	0.37	18.1	0.06	
4.6	0.41	12.5	0.06	
4.65	0.23	7.3	0.05	
4.7	0.22	7.9	0.07	
4.75	0.27	7.8	0.05
4.8	0.37	7.5	0.05
4.85	0.21	7.1	0.05
4.9	0.26	10.3	0.06
4.95	0.19	8.3	0.07
5	0.26	6.2	0.07
5.05	0.1	4.9	0.06
5.1	0.28	5.6	0.06
5.15	0.1	4.1	0.07
5.2	0.23	3.2	0.06
5.25	0.12	3.6	0.07
5.3	0.07	4.6	0.06
5.35	0.18	4.3	0.06
5.4	0.25	4.9	0.07
5.45	0.25	4.2	0.06
5.5	0.25	3.6	0.08
5.55	0.25	4.7	0.08	
5.6	0.19	4.5	0.07	
5.65	0.28	5.5	0.05	
5.7	0.19	3.8	0.07	
5.75	0.19	5.7	0.08	57.63	
5.8	0.12	5.1	0.06	
5.85	0.2	3.9	0.08	
5.9	0.22	5.5	0.08	
5.95	0.21	8.3	0.06	
6	0.2	7.6	0.06	
6.05	0.14	3.6	0.06	
6.1	0.06	3.2	0.06	
6.15	0.07	4.9	0.05	
6.2	0.09	3.9	0.06	
6.25	0.25	3	0.05	
6.3	0.21	4.4	0.06	
6.35	0.12	4.2	0.08
6.4	0.26	2.5	0.06
6.45	0.18	2.5	0.08
6.5	0.1	2.9	0.06
6.55	0.08	2.9	0.06
6.6	0.08	3.1	0.07
6.65	0.01	3.9	0.08
6.7	0.01	4	0.08
6.75	0.12	3.9	0.08
6.8	0.18	0.9	0.08
6.85	0.13	3.5	0.08
6.9	0.13	2.6	0.07
6.95	0.28	4.6	0.08
7	0.13	2.6	0.08
7.05	0.31	2.8	0.08
7.1	0.14	3	0.07
7.15	0.23	3.3	0.07
7.2	0.17	2.6	0.07
7.25	0.12	3.7	0.07
7.3	0.11	2.8	0.08
7.35	0.11	1.9	0.09
7.4	0.14	1.6	0.07
7.45	0.05	3.4	0.08
7.5	0.09	2.1	0.07
7.55	0.21	4.8	0.1
7.6	0.02	5.8	0.08
7.65	0.28	3.5	0.09
7.7	0.38	2.8	0.09
7.75	0.05	1.3	0.07	81.57
7.8	0.14	2.2	0.09
7.85	0.04	2.9	0.08
7.9	0.28	3.6	0.08
7.95	0.25	3.4	0.08	
8	0.12	3.9	0.08	
8.05	0.15	4.1	0.1	
8.1	0.21	4.5	0.09	
8.15	0.2	3.7	0.09	
8.2	0.28	3.3	0.09	
8.25	0.21	4.6	0.1	
8.3	0.11	3.9	0.1	
8.35	0.31	3.7	0.09	
8.4	0.22	4.1	0.1	
8.45	0.17	2.9	0.08	
8.5	0.31	2.2	0.1	
8.55	0.23	3.2	0.08	
8.6	0.09	2.7	0.1	
8.65	0.12	2.9	0.1	
8.7	0.16	3.4	0.09	
8.75	0.1	3.2	0.08
8.8	0.22	2.6	0.08
8.85	0.18	3.2	0.09
8.9	0.11	3.1	0.09
8.95	0.25	3.7	0.1
9	0.29	3.1	0.1
9.05	0.38	3.1	0.09
9.1	0.2	2.3	0.09
9.15	0.17	3.2	0.1
9.2	0.18	2.6	0.08
9.25	0.33	2.5	0.08
9.3	0.2	4.5	0.08
9.35	0.14	2.7	0.07
9.4	0.38	3.2	0.1
9.45	0.1	2.4	0.08
9.5	0.31	2.5	0.09
9.55	0.26	4.9	0.08	
9.6	0.09	4.3	0.09	
9.65	0.43	3.4	0.09	
9.7	0.34	4.5	0.11	
9.75	0.23	3.3	0.11	103.26
9.8	0.33	4	0.12	
9.85	0.29	2.5	0.09	
9.9	0.31	3.4	0.1	
9.95	0.31	3.3	0.1	
10	0.23	3.3	0.11	
10.05	0.31	4	0.12	
10.1	0.23	3.2	0.11	
10.15	0.29	3.2	0.12	
10.2	0.18	4.1	0.1	
10.25	0.17	4.1	0.11	
10.3	0.27	3.2	0.1	
10.35	0.37	3.2	0.1
10.4	0.25	2.6	0.11
10.45	0.21	4.1	0.1
10.5	0.09	3.3	0.11
10.55	0.34	5	0.12
10.6	0.31	5.6	0.09
10.65	0.39	4.1	0.12
10.7	0.4	4.9	0.11
10.75	0.36	3	0.11
10.8	0.38	3.9	0.12
10.85	0.16	3.8	0.08
10.9	0.28	4.3	0.12
10.95	0.35	4.6	0.11
11	0.45	4.5	0.12
11.05	0.41	4.3	0.14
11.1	0.28	4.8	0.12
11.15	0.29	4.4	0.12
11.2	0.48	4.5	0.11
11.25	0.26	4.6	0.12
11.3	0.22	3.4	0.1
11.35	0.39	4.7	0.14
11.4	0.35	4	0.13
11.45	0.42	4.3	0.13
11.5	0.36	4.5	0.12
11.55	0.42	5.5	0.14
11.6	0.33	5.7	0.12
11.65	0.37	3.4	0.12
11.7	0.53	5.2	0.13
11.75	0.32	3	0.1	121.9
11.8	0.43	6.3	0.13
11.85	0.28	7	0.11
11.9	0.62	3.7	0.13
11.95	0.51	4.8	0.13	
12	0.16	5.3	0.12	
12.05	0.37	4.5	0.16	
12.1	0.37	4.3	0.16	
12.15	0.25	3.3	0.16	
12.2	0.45	3.9	0.15	
12.25	0.32	3.7	0.15	
12.3	0.44	6.1	0.14	
12.35	0.22	2.1	0.16	
12.4	0.39	2.9	0.17	
12.45	0.2	6.2	0.14	
12.5	0.22	6.7	0.14	
12.55	0.5	6.9	0.16	
12.6	0.52	5.2	0.14	
12.65	0.49	5.4	0.16	
12.7	0.2	3.9	0.15	
12.75	0.47	6.3	0.16
12.8	0.37	6.4	0.15
12.85	0.37	5	0.15
12.9	0.28	7.6	0.16
12.95	0.42	6	0.13
13	0.63	5.1	0.14
13.05	0.37	7.1	0.16
13.1	0.64	7.1	0.18
13.15	0.63	6.2	0.17
13.2	0.51	5.7	0.18
13.25	0.6	5.8	0.17
13.3	0.64	5.5	0.19
13.35	0.48	4	0.18
13.4	0.57	5.4	0.18
13.45	0.31	2.9	0.17
13.5	0.57	2.3	0.2
13.55	0.3	4.9	0.17	
13.6	0.39	5.8	0.17	
13.65	0.48	4	0.2	
13.7	0.61	2.6	0.18	
13.75	0.49	3.2	0.16	137.27	
13.8	0.36	6.1	0.16	
13.85	0.35	6	0.17	
13.9	0.64	5.9	0.19	
13.95	0.64	5	0.19	
14	0.7	3.9	0.18	
14.05	0.74	4.3	0.22	
14.1	0.37	5.3	0.2	
14.15	0.79	4.1	0.19	
14.2	0.43	1.1	0.21	
14.25	0.72	4.4	0.2	
14.3	0.54	8.3	0.18	
14.35	0.61	4.5	0.21
14.4	0.85	5.3	0.2
14.45	0.42	3.7	0.2
14.5	0.55	0.9	0.2
14.55	0.44	3.4	0.18
14.6	0.49	2.5	0.2
14.65	0.43	2.5	0.22
14.7	0.5	1.8	0.21
14.75	1.14	5	0.19
14.8	1.56	15.1	0.21
14.85	1.16	15	0.21
14.9	0.96	8.2	0.22
14.95	2.99	7.9	0.19
15	2.89	13.1	0.21
15.05	2.1	15.6	0.21
15.1	2.16	16.4	0.2
15.15	1.61	13	0.17
15.2	1.85	4.5	0.2
15.25	1.4	7.2	0.2
15.3	0.93	4.6	0.2
15.35	1.98	5.9	0.21
15.4	1.48	5.2	0.21
15.45	1.74	17.7	0.2
15.5	2.07	28.5	0.21
15.55	2.28	40.4	0.22
15.6	2.13	42.7	0.19
15.65	2.35	41.9	0.21
15.7	2.08	38.2	0.22
15.75	2.06	40.8	0.21	144.79
15.8	2.07	49.1	0.17
15.85	2.73	56.4	0.2
15.9	2.46	58.8	0.21
15.95	2.3	61.9	0.21	
16	2.09	56.1	0.22	
16.05	1.88	50.2	0.2	
16.1	1.51	44.8	0.2	
16.15	1.83	35.3	0.21	
16.2	1.92	29.3	0.2	
16.25	1.99	34	0.22	
16.3	1.75	39.8	0.2	
16.35	2.04	40.3	0.21	
16.4	2.09	42.6	0.2	
16.45	2.19	42	0.21	
16.5	2	42.8	0.18	
16.55	2.19	39.1	0.2	
16.6	2.11	36.7	0.21	
16.65	2.07	34.2	0.21	
16.7	1.53	33.5	0.2	
16.75	1.73	32.3	0.2
16.8	1.6	29.1	0.2
16.85	1.56	39.2	0.18
16.9	1.93	44.8	0.21
16.95	2.14	47.3	0.22
17	2.36	38.8	0.21
17.05	2.36	34.4	0.2
17.1	2.24	36.1	0.21
17.15	2.31	37.7	0.19
17.2	2.17	41.6	0.18
17.25	2.37	36.1	0.2
17.3	2.24	37.4	0.21
17.35	1.97	34.6	0.22
17.4	2.24	31.1	0.2
17.45	2.2	53.8	0.21
17.5	2.01	62.6	0.18
17.55	2.5	71.5	0.21	
17.6	2.07	64.4	0.17	
17.65	1.87	59.6	0.2	
17.7	1.59	40.2	0.19	
17.75	1.87	32.5	0.24	153.54	
17.8	1.86	52	0.22	
17.85	2.79	100.5	0.26	
17.9	4.58	118.6	0.25	
17.95	5.4	185	0.26	
18	5.11	172.1	0.21	
18.05	5.3	125.2	0.25	
18.1	3.91	87.9	0.23	
18.15	3.71	63.4	0.23	
18.2	2.86	78.3	0.24	
18.25	3.01	98.2	0.23	
18.3	3.14	120.5	0.23	
18.35	3.2	141.8	0.22
18.4	3.57	168.4	0.26
18.45	4.59	174.9	0.22
18.5	5.37	143.7	0.24
18.55	5.54	163.4	0.23
18.6	5.81	179.2	0.24
18.65	6.04	271.9	0.24
18.7	7.89	356.4	0.21
18.75	9.7	390.5	0.24
18.8	10.1	388.4	0.24
18.85	10.76	290.6	0.22
18.9	11.34	260.8	0.24
18.95	10.37	355.7	0.25
19	10.83	446.9	0.23
19.05	12.08	368.8	0.2
19.1	13.03	396.4	0.23
19.15	14.15	367.9	0.23
19.2	10.8	376.8	0.24
19.25	8.19	408.4	0.22
19.3	7.17	369.7	0.21
19.35	9.56	311.9	0.23
19.4	10.88	235.2	0.24
19.45	11.55	223.8	0.25
19.5	8.58	193.3	0.24
19.55	5.21	210	0.22
19.6	5.04	269.9	0.25
19.65	6.43	343.7	0.25
19.7	8.14	392.1	0.26
19.75	8.95	393.3	0.26	161.94
19.8	8.72	319.4	0.25
19.85	7.65	226.3	0.29
19.9	6.72	99	0.26
19.95	4.99	247	0.26	
20	3.62	139.8	0.28	
20.05	4.68	108.5	0.3	
20.1	4.25	106.8	0.28	
20.15	4.79	140.4	0.3	
20.2	5.98	196.8	0.3	
20.25	7.14	200.9	0.3	
20.3	7.02	221.9	0.3	
20.35	7.07	290.9	0.28	
20.4	8.06	424.6	0.28	
20.45	9.3	529.6	0.29	
20.5	11.45	601.5	0.27	
20.55	14.03	677.9	0.3	
20.6	16.81	733.8	0.3	
20.65	19.48	715.7	0.28	
20.7	21.7	554.7	0.29	
20.75	23.99	405.8	0.29
20.8	25.02	356.4	0.3
20.85	25.08	550.9	0.31
20.9	24.8	736.3	0.29
20.95	26.23	709.7	0.29
21	27.98	472.7	0.3
21.05	25.66	420	0.29
21.1	22.4	377.9	0.46
21.15	18	525.9	0.43
21.2	17.41	613.2	0.46
21.25	16.2	525.7	0.47
21.3	20.56	513.5	0.49
21.35	23.7	390.8	0.48
21.4	25.63	321.6	0.48
21.45	25.34	300.7	0.48
21.5	24.77	286.3	0.49
21.55	24.44	298.7	0.52	
21.6	25.04	316.2	0.5	
21.65	25.82	324.4	0.61	
21.7	26.4	314.8	0.63	
21.75	27.64	343.3	0.64	167.88	
21.8	28.41	387.4	0.63	
21.85	29.6	411.2	0.64	
21.9	31.08	429.3	0.64	
21.95	32.02	400	0.65	
22	32.8	378.3	0.64	
22.05	32	424.9	0.63	
22.1	32.77	451.2	0.62	
22.15	33.8	441.4	0.63	
22.2	35.44	509.6	0.63	
22.25	33.72	528.1	0.65	
22.3	35.65	573.6	0.64	
22.35	37.32	649.6	0.63
22.4	37.9	666.2	0.72
22.45	37.59	664	0.73
22.5	37.59	679.2	0.72
22.55	37.94	650.7	0.72
22.6	37.87	593.5	0.72
22.65	37.83	606.5	0.76
22.7	36.06	588.3	0.76
22.75	34.51	567.1	0.77
22.8	34.63	546.4	0.77
22.85	35.11	643.2	0.77
22.9	36.69	631.9	0.78
22.95	34.69	545.5	0.78
23	35.26	549.9	0.76
23.05	36.1	586.5	0.75
23.1	36.34	610.5	0.74
23.15	35.82	559.2	0.63
23.2	35.23	541.1	0.65
23.25	34.57	525.3	0.62
23.3	34.39	531.2	0.56
23.35	34.43	496.5	0.55
23.4	33.92	497	0.57
23.45	33.42	510.6	0.57
23.5	34.05	488.9	0.57
23.55	34.33	468.1	0.58
23.6	36.81	458	0.55
23.65	38.36	505.7	0.56
23.7	36.81	546	0.55
23.75	34.89	529	0.57
23.8	34.06	499.3	0.57	173.51
23.85	36.73	501.1	0.57
23.9	38.98	546.9	0.58
23.95	40.46	605	0.57	
24	40.5	597.9	0.58	
24.05	39.85	569	0.59	
24.1	35.02	535.9	0.5	
24.15	40.85	534.3	0.49	
24.2	42.26	599.2	0.5	
24.25	39.43	624.1	0.51	
24.3	33.83	553.6	0.51	
24.35	29.56	487.6	0.5	
24.4	29.13	515.1	0.5	
24.45	28.58	463.1	0.55	
24.5	25.74	318.4	0.58	
24.55	14.81	263	0.59	
24.6	6.78	217.1	0.68	
24.65	3.87	145.7	0.54	
24.7	2.73	44.9	0.63	
24.75	2.57	33.4	0.62
24.8	2.44	49.1	0.57
24.85	2.61	71.6	0.72
24.9	2.67	79.7	0.68
24.95	2.34	67.7	0.69
25	2.33	62.4	0.69
25.05	1.89	59.1	0.69
25.1	1.73	51.7	0.68
25.15	1.82	48	0.69
25.2	1.98	39.1	0.69
25.25	1.93	35.8	0.69
25.3	1.58	33	0.68
25.35	1.49	27.9	0.69
25.4	1.53	24.3	0.69
25.45	1.35	17.1	0.69
25.5	1.3	18.9	0.67
25.55	1.14	19.8	0.69	
25.6	1.49	22.5	0.69	
25.65	1.19	26	0.7	
25.7	1.16	28	0.69	
25.75	1.12	23.7	0.69	
25.8	1.3	23.5	0.69	
25.85	1.28	39.7	0.68	
25.9	2.15	41.4	0.69	180.8	
25.95	1.28	39.8	0.67	
26	1.39	27	0.68	
26.05	1.53	28.7	0.68	
26.1	1.23	33.3	0.7	
26.15	1.07	34.6	0.69	
26.2	1.51	38.9	0.69	
26.25	1.45	44.3	0.69	
26.3	1.64	68	0.71	
26.35	1.7	77.9	0.7
26.4	1.89	79.2	0.69
26.45	1.89	80.7	0.7
26.5	1.77	79.2	0.7
26.55	1.74	78.7	0.7
26.6	1.77	76.1	0.7
26.65	1.71	74.2	0.7
26.7	1.72	70.2	0.71
26.75	1.67	67.6	0.7
26.8	1.66	64	0.85
26.85	1.57	61.3	0.97
26.9	1.73	64.1	0.99
26.95	1.57	60.2	1.03
27	1.83	62.7	1.02
27.05	1.61	63.8	1.03
27.1	1.7	67	1.03
27.15	1.69	64.9	1.03
27.2	1.75	65.3	1.04
27.25	1.8	66.8	1.05
27.3	1.95	69.3	1.06
27.35	1.89	65.6	1.06
27.4	1.93	60.5	1.06
27.45	1.79	59.8	1.07
27.5	1.84	57.9	1.08
27.55	1.84	52	1.06
27.6	1.91	48.4	1.07
27.65	1.61	43.9	1.07
27.7	1.74	43.3	1.07
27.75	1.74	45.9	1.21	191.32
27.8	1.62	42.6	1.21
27.85	1.84	43.4	1.21
27.9	1.67	39.5	1.22
27.95	1.77	46.6	1.22	
28	1.63	47.6	1.23	
28.05	1.66	47.8	1.23	
28.1	1.64	48.2	1.27	
28.15	1.84	46	1.28	
28.2	1.58	43.3	1.29	
28.25	1.9	45.1	1.28	
28.3	1.89	42.7	1.28	
28.35	1.92	43.5	1.3	
28.4	1.63	39.6	1.35	
28.45	1.55	36.7	1.36	
28.5	1.76	35.2	1.35	
28.55	1.51	33.4	1.37	
28.6	1.67	37.4	1.37	
28.65	1.68	37	1.38	
28.7	1.85	41.9	1.39	
28.75	1.86	38.9	1.38
28.8	1.84	37.2	1.39
28.85	1.64	38.1	1.4
28.9	1.53	30.4	1.4
28.95	1.67	35.9	1.39
29	1.89	41.7	1.39
29.05	2	52.1	1.39
29.1	2.28	54.9	1.54
29.15	2.46	92.5	1.55
29.2	2.81	124.4	1.55
29.25	2.55	129.5	1.56
29.3	2.22	101.3	1.7
29.35	2.27	94.6	1.7
29.4	1.94	89.5	1.71
29.45	1.89	81.5	1.71
29.5	2.11	84.6	1.7
29.55	2.11	82.6	1.71	
29.6	2.33	94.3	1.72	
29.65	2.34	99.5	1.73	
29.7	2.53	96.4	1.72	
29.75	2.33	98.5	1.73	201.82	
29.8	2.57	113.9	1.73	
29.85	2.58	116.3	1.74	
29.9	2.62	105.3	1.99	
29.95	2.41	108.7	1.99	
30	2.32	104.4	2.02	
30.05	2.67	87.1	2.05	
30.1	2.67	76.5	2.06	
30.15	2.45	73	2.08	
30.2	2.26	63.3	2.13	
30.25	2.62	68.9	2.15	
30.3	2.52	83.1	2.2	
30.35	2.51	78.7	2.2
30.4	2.39	72.7	2.22
30.45	2.33	69.8	2.22
30.5	2.36	66.9	2.26
30.55	2.01	63.2	2.27
30.6	2.14	65.8	2.28
30.65	2.2	68.3	2.33
30.7	2	61.8	2.32
30.75	2.16	57.7	2.33
30.8	2.24	51.1	2.34
30.85	2.2	48.3	2.34
30.9	2.01	43	2.33
30.95	1.8	44.4	2.34
31	2.08	40.6	2.34
31.05	2.22	47.8	2.33
31.1	2.09	45.5	2.33
31.15	1.88	48.5	2.34
31.2	2.22	45.7	2.33
31.25	2.43	52.4	2.37
31.3	1.98	51.1	2.47
31.35	2.1	49.8	2.47
31.4	1.89	50.9	2.49
31.45	2.07	50.3	2.51
31.5	2.13	44.9	2.52
31.55	2.23	45.1	2.51
31.6	2.06	50.4	2.52
31.65	2.35	51.5	2.52
31.7	2.33	58	2.53
31.75	2.3	61	2.53	211.17
31.8	2.48	66.5	2.53
31.85	2.32	69.3	2.54
31.9	2.42	56.6	2.74
31.95	2.38	71.7	2.74	
32	2.36	69.8	2.98
32.05	2.37	79.6	2.98	
32.1	2.62	81.2	2.98	
32.15	2.68	84.8	3.04	
32.2	2.68	85.5	3.16	
32.25	2.59	83.7	3.16	
32.3	2.17	73.4	3.17	
32.35	2.17	66.7	3.33	
32.4	2.31	70.3	3.35	
32.45	2.54	75.2	3.36	
32.5	2.46	84.5	3.4	
32.55	2.4	73.6	3.45	
32.6	1.93	56.4	3.46	
32.65	2.01	52.9	3.5	
32.7	2.12	50.8	3.56	
32.75	2.01	54.4	3.59
32.8	2.16	54.7	3.67
32.85	2.02	56	3.67
32.9	2	47.3	3.68
32.95	2.09	43.7	3.69
33	2.24	45.8	3.77
33.05	1.95	48	3.82
33.1	2.38	54.1	3.83
33.15	2.35	57.6	3.85
33.2	2.57	67.1	3.87
33.25	3.2	84.5	3.89
33.3	3.8	102.4	3.9
33.35	5.78	128.8	3.88
33.4	5.53	93.8	3.9
33.45	2.94	63.1	3.92
33.5	2.58	45.4	3.96
33.55	2.62	49.4	4.05	
33.6	2.75	42.3	4.09	
33.65	2.57	39.2	4.1	
33.7	2.4	30.1	4.1	
33.75	2.27	33.1	4.15	220.04
33.8	2.33	29.9	4.15	
33.85	2.27	33.6	4.14	
33.9	2.27	-32768	4.14	
33.95	2.27	-32768	4.14	
34	2.27	-32768	4.14	
