File name:	ALC015
Date:	1/24/2001
UTM Grid Zone:	10S
"UTM-X, m:"	560531
"UTM-Y, m:"	4181786
Datum:	1927 NAD
"Elevation, m:"	1.5
"Total depth, m:"	23.25
"Water depth, m:"	0.1
City:	Alameda
County:	Alameda
State:	CA
USGS Quadrangle:	Oakland West
Cone No.:	660
Source:	USGS
"Surface horiz. offset (seismic source to CPT), m:"	0.96

Depth (m)	Tip Resistance (MN/m2)	Sleeve Friction (kN/m2)	Inclination (degree)	S-wave travel time (ms)
0.05	0.99	25.3	0.03	
0.1	4.91	43	0.04	
0.15	5.99	45.1	0.05	
0.2	6.45	60.2	0.05	
0.25	7.33	49.7	0.05	
0.3	8.35	60.5	0.06	
0.35	10.53	73.3	0.05	
0.4	14.56	38.8	0.07	
0.45	4.27	78.7	0.1	
0.5	2.66	132	0.14	
0.55	10.86	101	0.06	
0.6	11.34	86.1	0.06	
0.65	9.39	52.3	0.07	
0.7	9.09	48.1	0.06	
0.75	7.56	46.8	0.07
0.8	7.85	48.5	0.05
0.85	7.9	54.8	0.07
0.9	7.78	54.9	0.07
0.95	7.45	51.2	0.05
1	7.34	51.7	0.06
1.05	7.59	50.2	0.07
1.1	7.5	52.4	0.07
1.15	7.43	51.2	0.08
1.2	7.34	51.7	0.09
1.25	7.23	50.4	0.1
1.3	7.21	50.2	0.08
1.35	7.14	48.5	0.09
1.4	7.07	48.1	0.1
1.45	6.92	46.9	0.11
1.5	6.72	46.6	0.12
1.55	6.61	46.9	0.12	
1.6	6.37	44.8	0.11	
1.65	6.56	44.4	0.12	
1.7	6.89	42	0.13	
1.75	6.79	44.5	0.13	15.12
1.8	6.4	45.7	0.12	
1.85	6.49	43.8	0.12	
1.9	6.57	44.8	0.14	
1.95	6.21	46.3	0.14	
2	5.5	42.1	0.14	
2.05	5.96	42.6	0.12	
2.1	5.94	43.6	0.15	
2.15	5.56	42.2	0.14	
2.2	5.89	41.1	0.17	
2.25	5.77	42.4	0.17	
2.3	5.51	41.8	0.18	
2.35	5.38	41	0.16
2.4	5.34	39.6	0.18
2.45	5.05	39.9	0.19
2.5	5.02	39.8	0.18
2.55	5.18	42.8	0.23
2.6	4.93	47.2	0.23
2.65	4.5	43.3	0.22
2.7	4.76	42	0.23
2.75	5.1	42.1	0.21
2.8	4.74	42.9	0.22
2.85	4.46	36.6	0.23
2.9	4.34	34.3	0.22
2.95	3.65	34.4	0.23
3	2.55	39.4	0.23
3.05	1.44	40.5	0.22
3.1	0.59	27.6	0.21
3.15	0.6	19.4	0.23
3.2	1.57	22.4	0.22
3.25	1.06	22	0.21
3.3	3.63	27.2	0.24
3.35	4.46	34.8	0.28
3.4	4.38	41.7	0.32
3.45	4.89	46	0.31
3.5	5.11	46.7	0.32
3.55	4.9	42.8	0.3
3.6	5.06	39.2	0.31
3.65	4.88	36.6	0.33
3.7	4.34	38.7	0.33
3.75	3.72	34.5	0.35	29.19
3.8	3.81	35	0.35
3.85	3.37	37.4	0.38
3.9	3.12	35.9	0.4
3.95	3.04	32	0.4	
4	4.39	33.6	0.4	
4.05	4.7	35.7	0.41	
4.1	3.75	33.8	0.41	
4.15	2.87	28.5	0.41	
4.2	3.19	26.3	0.42	
4.25	2.79	25.9	0.43	
4.3	2.86	26.9	0.42	
4.35	2.23	35.3	0.43	
4.4	1.26	33	0.44	
4.45	0.75	27	0.44	
4.5	0.53	6.9	0.46	
4.55	1.76	10.1	0.45	
4.6	0.96	13.1	0.46	
4.65	0.65	11.5	0.44	
4.7	0.48	3.3	0.45	
4.75	0.46	4.4	0.46
4.8	0.45	4	0.46
4.85	0.48	4.9	0.47
4.9	0.52	4.3	0.48
4.95	0.61	4.6	0.48
5	0.52	3.9	0.48
5.05	0.6	3.6	0.47
5.1	0.63	4.6	0.49
5.15	0.61	4.5	0.48
5.2	0.6	4.8	0.48
5.25	0.52	6.1	0.49
5.3	0.58	7.7	0.54
5.35	0.73	6.9	0.54
5.4	1.87	13.1	0.55
5.45	3.09	21.6	0.55
5.5	4.05	30.8	0.55
5.55	4.58	36.7	0.56	
5.6	4.85	40.7	0.57	
5.65	5.05	45	0.55	
5.7	5.52	51	0.56	
5.75	5.94	52.6	0.56	46.83	
5.8	6.44	55.9	0.56	
5.85	6.79	49.9	0.55	
5.9	6.87	53.7	0.56	
5.95	6.15	50.3	0.58	
6	5.62	49.1	0.56	
6.05	4.19	61.1	0.57	
6.1	2.87	48.2	0.57	
6.15	3.41	33.6	0.57	
6.2	5.07	34	0.56	
6.25	6.01	46.6	0.57	
6.3	5.98	50.1	0.56	
6.35	5.29	49.7	0.57
6.4	4.3	40.9	0.56
6.45	3.5	33.1	0.57
6.5	3.49	27.5	0.57
6.55	4.44	29.3	0.55
6.6	4.37	31.1	0.57
6.65	4.4	33	0.57
6.7	4.67	36.4	0.57
6.75	5.31	39.5	0.58
6.8	4.9	31.3	0.57
6.85	3.87	23.5	0.58
6.9	3.29	13.7	0.57
6.95	2.26	9.4	0.56
7	1.6	9	0.57
7.05	1.12	4	0.56
7.1	0.83	4.6	0.56
7.15	0.81	2.6	0.56
7.2	0.59	7.3	0.57
7.25	0.81	5.6	0.56
7.3	2.39	17.7	0.57
7.35	2.31	25.9	0.56
7.4	1.91	16	0.56
7.45	1.1	8.4	0.57
7.5	0.75	6.4	0.77
7.55	1.1	6.2	0.76
7.6	0.8	4.5	0.76
7.65	1.01	7.6	0.79
7.7	0.94	6.7	0.77
7.75	1.03	4.7	0.78	61.75
7.8	1.01	1.7	0.76
7.85	0.69	2.3	0.78
7.9	0.58	3.3	0.81
7.95	0.74	10.3	0.81	
8	0.95	11.3	0.82	
8.05	1.42	8.6	0.81	
8.1	1.53	8.1	0.81	
8.15	1.1	8.4	0.81	
8.2	1.04	8.7	0.82	
8.25	1.01	11.7	0.82	
8.3	1.3	9.6	0.85	
8.35	2.91	7.3	0.86	
8.4	2.74	7.1	0.88	
8.45	1.49	11	0.87	
8.5	0.82	9	0.88	
8.55	0.8	13.7	0.93	
8.6	0.96	16.1	0.92	
8.65	0.78	15.2	0.93	
8.7	0.82	14.6	0.93	
8.75	0.65	13	0.93
8.8	0.81	9.7	0.92
8.85	0.6	11.1	0.92
8.9	0.64	10.1	0.94
8.95	0.64	10.2	0.94
9	0.56	9.1	0.93
9.05	0.61	9.5	0.94
9.1	0.66	8.6	0.94
9.15	0.7	8.6	0.94
9.2	0.52	8.3	0.95
9.25	0.68	6.9	0.94
9.3	0.65	5.8	1.05
9.35	0.57	7.7	1.05
9.4	0.72	6.2	1.06
9.45	0.58	7.6	1.07
9.5	0.66	6.1	1.08
9.55	0.64	5.8	1.07	
9.6	0.79	5.9	1.06	
9.65	0.61	4.6	1.07	
9.7	0.67	6.3	1.07	
9.75	0.6	5.5	1.08	80.52	
9.8	0.72	5	1.07	
9.85	0.69	4.7	1.16	
9.9	0.59	4.5	1.16	
9.95	0.69	4.9	1.16	
10	0.65	5.2	1.15	
10.05	0.72	3.6	1.15	
10.1	0.62	2.7	1.17	
10.15	0.63	4.5	1.18	
10.2	0.65	4.3	1.16	
10.25	0.59	5.6	1.17	
10.3	0.69	5.8	1.17	
10.35	0.59	5.7	1.19
10.4	0.67	5.3	1.24
10.45	0.73	3.2	1.25
10.5	0.76	6.1	1.25
10.55	0.64	7.7	1.26
10.6	0.64	7.9	1.26
10.65	0.69	7.9	1.26
10.7	0.69	8.7	1.26
10.75	0.73	7.2	1.26
10.8	0.75	6.4	1.26
10.85	0.53	6.1	1.26
10.9	0.67	9.4	1.27
10.95	0.7	10.9	1.27
11	0.82	9.8	1.25
11.05	0.84	6.2	1.25
11.1	0.7	5.9	1.26
11.15	0.68	3.9	1.26
11.2	0.55	4.2	1.27
11.25	0.8	7.1	1.26
11.3	0.71	7.4	1.33
11.35	0.77	8.3	1.29
11.4	0.68	7.8	1.33
11.45	0.68	8.2	1.34
11.5	0.78	7.1	1.33
11.55	0.8	7.2	1.32
11.6	0.8	7.5	1.36
11.65	0.75	8.9	1.37
11.7	0.66	11.9	1.38
11.75	0.93	16.1	1.37	100.71
11.8	0.72	11.7	1.39
11.85	0.69	7.7	1.46
11.9	0.64	4.9	1.46
11.95	0.79	6.5	1.46	
12	0.69	5.4	1.47	
12.05	0.74	6.5	1.48	
12.1	0.75	5.9	1.48	
12.15	0.71	6.4	1.49	
12.2	0.78	5.3	1.48	
12.25	0.77	4.5	1.5	
12.3	0.73	5.5	1.49	
12.35	0.73	6	1.5	
12.4	0.85	6.3	1.49	
12.45	0.89	6.6	1.5	
12.5	0.68	5.4	1.53	
12.55	0.83	4.9	1.52	
12.6	0.77	3.7	1.53	
12.65	0.81	3.8	1.52	
12.7	0.73	5.8	1.53	
12.75	0.77	4.7	1.53
12.8	0.9	6.4	1.53
12.85	0.87	6.9	1.53
12.9	0.76	7.7	1.54
12.95	0.89	7.2	1.53
13	0.9	9.3	1.53
13.05	0.67	5.6	1.54
13.1	0.76	7.4	1.53
13.15	0.76	6.1	1.54
13.2	0.8	7.4	1.66
13.25	0.72	5	1.67
13.3	0.81	4.5	1.67
13.35	0.72	5.4	1.7
13.4	0.73	5.8	1.71
13.45	0.66	5.8	1.71
13.5	0.82	5.2	1.72
13.55	0.76	5.2	1.72	
13.6	0.76	5.7	1.7	
13.65	0.69	4	1.72	
13.7	0.77	4.6	1.73	
13.75	0.87	5.6	1.72	118.68	
13.8	0.82	5.4	1.71	
13.85	0.75	4.6	1.71	
13.9	0.71	4.7	1.73	
13.95	0.76	5.5	1.76	
14	0.7	4.9	1.75	
14.05	0.97	4.9	1.75	
14.1	0.77	6	1.76	
14.15	0.84	6.1	1.75	
14.2	0.79	4.4	1.76	
14.25	0.8	5.9	1.74	
14.3	0.77	5.6	1.75	
14.35	0.9	6.5	1.75
14.4	0.93	6.7	1.75
14.45	0.77	7.5	1.77
14.5	0.77	11.8	1.76
14.55	0.87	16.4	1.75
14.6	1.02	18.6	1.73
14.65	0.93	20	1.75
14.7	1.1	20	1.73
14.75	0.85	18.4	1.75
14.8	0.9	13.6	1.75
14.85	0.94	14	1.74
14.9	0.83	14	1.74
14.95	0.86	13.7	1.73
15	0.88	11.5	1.73
15.05	0.88	13	1.73
15.1	0.95	14.2	1.74
15.15	1.01	13.6	1.73
15.2	1.01	10.9	1.73
15.25	0.9	10.5	1.73
15.3	0.79	9.8	1.73
15.35	0.77	9.4	1.74
15.4	0.73	9.5	1.74
15.45	0.83	12.7	1.74
15.5	0.96	16.7	1.73
15.55	0.97	19.4	1.72
15.6	0.84	16.7	1.73
15.65	0.83	12.8	1.73
15.7	0.75	10.2	1.73
15.75	0.77	9.3	1.73	135.92
15.8	0.91	7.1	1.73
15.85	0.84	7.6	1.73
15.9	0.84	6.5	1.72
15.95	0.91	9.8	1.73	
16	1.05	11.1	1.73
16.05	0.85	7.9	1.74	
16.1	0.83	6.7	1.75	
16.15	0.84	6.7	1.73	
16.2	0.86	8.7	1.74	
16.25	1.03	7.2	1.74	
16.3	0.9	6.2	1.74	
16.35	0.87	7.8	1.74	
16.4	0.88	8.6	1.75	
16.45	0.92	8.2	1.74	
16.5	0.88	8.5	1.75	
16.55	1	8.4	1.74	
16.6	0.88	6	1.75	
16.65	0.96	6.7	1.74	
16.7	0.85	7.7	1.76	
16.75	0.88	9.4	1.77
16.8	0.97	8.3	1.77
16.85	0.84	7.6	1.78
16.9	0.88	10.6	1.79
16.95	1.01	10	1.79
17	0.92	10.2	1.79
17.05	0.92	8.2	1.8
17.1	1.02	7.1	1.79
17.15	0.89	7.9	1.8
17.2	0.95	8.7	1.8
17.25	1.18	9.7	1.79
17.3	1.03	10.3	1.79
17.35	0.8	13.5	1.8
17.4	0.91	10.7	1.82
17.45	1	10.9	1.82
17.5	1.01	11.9	1.82
17.55	1	11.2	1.82	
17.6	0.92	10.4	1.97	
17.65	0.97	12.2	1.96	
17.7	0.9	11.8	1.97	
17.75	1.06	11.8	1.97	151.84	
17.8	1.02	12.7	1.97	
17.85	1	14	1.98	
17.9	0.89	10.8	2.01	
17.95	0.95	13.5	2.01	
18	0.94	12.2	2.02	
18.05	1.2	14	2.01	
18.1	1.1	12.8	2.03	
18.15	1.02	11.2	2.07	
18.2	1.15	10.3	2.05	
18.25	0.95	11.9	2.07	
18.3	1.08	12.2	2.07	
18.35	0.91	12.5	2.09
18.4	1	14.8	2.1
18.45	1.06	15.7	2.11
18.5	1.15	20.5	2.11
18.55	1.31	31.4	2.1
18.6	1.36	31.7	2.12
18.65	2.32	24.4	2.1
18.7	2.63	33.1	2.1
18.75	2.75	32.1	2.09
18.8	3.6	43.8	2.1
18.85	5.25	72.1	2.1
18.9	7.29	86	2.08
18.95	10.48	94.4	2.08
19	13.13	110.7	2.1
19.05	14.09	118.5	2.11
19.1	14.48	130.4	2.2
19.15	14.17	144.7	2.21
19.2	15.01	151.7	2.21
19.25	16.77	149.6	2.21
19.3	18.13	117	2.19
19.35	17.54	92.3	2.22
19.4	12.55	79.6	2.27
19.45	6.71	67.1	2.27
19.5	3.3	30.1	2.28
19.55	2.25	27.3	2.28
19.6	1.98	61.8	2.3
19.65	2.7	82.8	2.29
19.7	3.45	42.8	2.29
19.75	3.59	23.2	2.32	168.13
19.8	2.67	29.1	2.3
19.85	2.07	35.9	2.31
19.9	2.13	60.3	2.3
19.95	2.2	99.2	2.37	
20	2.13	72.6	2.31	
20.05	1.93	43.1	2.31	
20.1	2.65	24.6	2.28	
20.15	1.99	17.6	2.3	
20.2	1.84	23.7	2.21	
20.25	1.91	52	2.09	
20.3	2.66	54.8	2.09	
20.35	3.1	101.9	2.09	
20.4	4.85	232.7	1.75	
20.45	10.55	297.6	1.63	
20.5	11.98	383.7	1.49	
20.55	11.67	423	1.51	
20.6	11.95	457.9	1.47	
20.65	11.52	497.7	1.53	
20.7	12.42	545.5	1.51	
20.75	11.79	509.9	1.46
20.8	10.97	488.7	1.46
20.85	12.5	464.3	1.56
20.9	12.46	409.7	1.58
20.95	13.19	364.8	1.61
21	12.24	278.7	1.56
21.05	11.51	284.9	1.57
21.1	11.31	328.8	1.53
21.15	10.94	425.7	1.53
21.2	13.1	386.1	1.54
21.25	14.52	224.4	1.53
21.3	13.7	262.2	1.52
21.35	11.24	248	1.66
21.4	11.05	269.3	1.67
21.45	10.56	304.1	1.66
21.5	11.17	387.8	1.67
21.55	11.68	508.1	1.61	
21.6	13.91	639.9	1.59	
21.65	15.26	707.5	1.58	
21.7	14.87	700.7	1.57	
21.75	15.75	678.4	1.57	174.66
21.8	15.69	609.4	1.52	
21.85	14.4	400.2	1.5	
21.9	14.3	343.9	1.5	
21.95	14.84	216.2	1.51	
22	16.02	189.1	1.51	
22.05	17.16	158.8	1.5	
22.1	18.02	168.6	1.52	
22.15	19.8	184.4	1.5	
22.2	21.14	219.4	1.53	
22.25	22.7	261.3	1.53	
22.3	23.09	285.4	1.53	
22.35	22.86	309.3	1.53
22.4	22.86	368.1	1.54
22.45	23.53	448.7	1.52
22.5	25.1	451.8	1.53
22.55	26.73	459.3	1.52
22.6	27.06	487	1.54
22.65	27.39	438.3	1.54
22.7	29.06	470.6	1.52
22.75	31.33	502	1.52
22.8	31.65	581.7	1.53
22.85	32.44	583.3	1.51
22.9	33.48	575.2	1.52
22.95	40.23	480	1.63
23	45.21	525	1.63	178.35
23.05	42	548.6	1.74
23.1	48	655.5	1.66
23.15	49.75	647.3	1.66	
23.2	51.21	-32768	1.72	
23.25	48.89	-32768	1.81
