File name:	ALC024
Date:	1/31/2001
UTM Grid Zone:	10S
"UTM-X, m:"	564744
"UTM-Y, m:"	4180713
Datum:	1927 NAD
"Elevation, m:"	7.6
"Total depth, m:"	17.25
"Water depth, m:"	2.3
City:	Alameda
County:	Alameda
State:	CA
USGS Quadrangle:	Oakland West
Cone No.:	660
Source:	USGS
"Surface horiz. offset (seismic source to CPT), m:"	0.96

Depth (m)	Tip Resistance (MN/m2)	Sleeve Friction (kN/m2)	Inclination (degree)	S-wave travel time (ms)
0.05	41.36	314.5	0.04	
0.1	31.61	395.7	0.07	
0.15	26.61	258	0.03	
0.2	18.06	234.9	0.04	
0.25	14.42	228.2	0.04	
0.3	12.12	180.4	0.04	
0.35	10.41	140.5	0.04	
0.4	8.84	122.1	0.04	
0.45	7.47	100.3	0.04	
0.5	6.36	78.5	0.04	
0.55	5.49	64.4	0.04	
0.6	4.73	54.2	0.04	
0.65	3.96	47.4	0.04	
0.7	2.98	42.8	0.04	
0.75	2.47	36.6	0.05
0.8	1.76	27	0.04
0.85	1.72	21.7	0.04
0.9	1.98	20.3	0.04
0.95	2.03	21.4	0.04
1	2.18	22.2	0.04
1.05	2.15	19.5	0.04
1.1	1.92	20.7	0.04
1.15	1.68	20.5	0.05
1.2	1.74	19.6	0.04
1.25	2.04	31.7	0.04
1.3	2.9	49.4	0.04
1.35	4.04	60.6	0.04
1.4	6.33	83.4	0.05	
1.45	7.88	162.3	0.04
1.5	9.64	255.7	0.04
1.55	11.11	303.8	0.04	
1.6	15.29	353.8	0.05	
1.65	17.06	442	0.06	
1.7	19.12	448.9	0.06	
1.75	20.98	495.9	0.06	10.35	
1.8	16.45	539.1	0.05	
1.85	13.9	579	0.06	
1.9	17.57	584.3	0.1	
1.95	18.82	491.2	0.1	
2	18.61	582	0.1	
2.05	19.94	724	0.13	
2.1	19.99	728.1	0.13	
2.15	17.55	785.4	0.11	
2.2	19.05	831.1	0.12	
2.25	18.28	835.3	0.1	
2.3	16.3	812.6	0.1	
2.35	22.52	741.3	0.11
2.4	21.69	753.5	0.12
2.45	19.88	799.4	0.12
2.5	15.34	690.8	1.69
2.55	13.06	644.7	0.38
2.6	14.82	721.9	0.09
2.65	15.77	772.5	0.1
2.7	18.01	721.7	0.09
2.75	18.85	640.7	0.1
2.8	16.15	500	0.12
2.85	14.81	487.1	0.07
2.9	14.7	460.3	3.01
2.95	15.07	445.2	0.05
3	14.5	459.1	0.06
3.05	14.14	480.2	0.07
3.1	14.33	490.5	0.04
3.15	15.78	477.4	0.03
3.2	16.7	488.2	0.04
3.25	17.64	544.5	0.05
3.3	17.99	629.4	0.05
3.35	16.83	657.9	0.05
3.4	16.57	605.5	0.04
3.45	16.64	521.9	0.04
3.5	17.41	485.5	0.04
3.55	17.77	475.3	0.05
3.6	17.61	487.8	0.03
3.65	16.34	387	0.03
3.7	15.56	423.9	0.05
3.75	16.39	444	0.04	19.02
3.8	17.65	436.9	0.04
3.85	18.2	412.6	0.04
3.9	19.22	364.4	0.04
3.95	19.78	227.7	0.04	
4	19.59	300.5	0.04	
4.05	17.77	267.7	0.06	
4.1	16.28	158.3	0.03	
4.15	14.93	168.3	0.05	
4.2	13.89	213.5	0.04	
4.25	13.47	258.8	0.04	
4.3	13.8	265.3	0.03	
4.35	14.85	249.9	0.03	
4.4	15.24	246.8	0.04	
4.45	15.2	256.3	0.03	
4.5	16.58	285.7	0.04	
4.55	17.22	284.6	0.03	
4.6	17.66	274.8	0.03	
4.65	17.69	228.7	0.04	
4.7	17.88	258.2	0.03	
4.75	17.3	267.3	0.04
4.8	16.1	256.9	0.04
4.85	14.49	232.7	0.04
4.9	13.71	223.1	0.04
4.95	14.28	245.3	0.04
5	17.31	300.4	0.04
5.05	20.28	369	0.04
5.1	21.52	427.7	0.04
5.15	21.78	460.8	0.04
5.2	22.09	473.1	0.03
5.25	22.7	473.5	0.04
5.3	22.98	457.4	0.04
5.35	22.86	452.9	0.03
5.4	20.53	423.4	0.04
5.45	17.36	375	0.04
5.5	15.02	382.2	0.04
5.55	15.05	405.6	0.05	
5.6	16.55	428.6	0.04	
5.65	18.52	399.9	0.04	
5.7	19.97	417.9	0.04	
5.75	17.97	432.6	0.04	24.79	
5.8	20.53	424.2	0.04	
5.85	21.61	425.5	0.03	
5.9	23.53	451.4	0.04	
5.95	25.1	338.6	0.04	
6	25.5	445.5	0.04	
6.05	25.82	495	0.04	
6.1	26.58	507.3	0.04	
6.15	27.46	497.2	0.04	
6.2	27.87	484	0.04	
6.25	27.26	444.6	0.04	
6.3	26.72	458.4	0.04	
6.35	26.78	496.3	0.04
6.4	26.97	485.4	0.04
6.45	27.78	406.8	0.04
6.5	28.47	375.7	0.04
6.55	29.64	435.9	0.04
6.6	29.45	536.1	0.04
6.65	28.31	580.9	0.04
6.7	27.33	474.6	0.03
6.75	26.05	363.3	0.04
6.8	24.7	328.9	0.04
6.85	23.1	256.8	0.04
6.9	22.31	226.6	0.04
6.95	21.58	236	0.04
7	21.03	204.8	0.04
7.05	20.54	207.3	0.05
7.1	19.84	232.4	0.05
7.15	19.25	227.4	0.04
7.2	18.85	162.8	0.04
7.25	19.37	194.1	0.04
7.3	21.05	237.6	0.04
7.35	22.82	272.9	0.04
7.4	23.89	316.5	0.07
7.45	24.38	379.8	0.07
7.5	24.53	395.5	0.08
7.55	24.45	419.7	0.07
7.6	25.67	422.1	0.07
7.65	26.95	392.6	0.07
7.7	27.27	350	0.07
7.75	27.91	300.2	0.08	31.74
7.8	27	323.9	0.08
7.85	26.64	343.6	0.08
7.9	25.59	327	0.09
7.95	22.61	343.2	0.09	
8	20.63	285.4	0.08	
8.05	20.44	187.4	0.08	
8.1	18.38	175.8	0.08	
8.15	15.25	228.9	0.08	
8.2	14.41	244.2	0.08	
8.25	18.74	241.9	0.16	
8.3	19.54	248.9	0.16	
8.35	24.28	282.7	0.18	
8.4	29.23	356.5	0.18	
8.45	32.12	498.7	0.18	
8.5	30.4	562.2	0.22	
8.55	28.53	580.8	0.22	
8.6	29.33	558.9	0.23	
8.65	29.62	425	0.28	
8.7	28.37	387.1	0.28	
8.75	27.69	375.5	0.28
8.8	26.76	345.3	0.29
8.85	24.65	330.6	0.29
8.9	22.4	399.3	0.28
8.95	23.57	431	0.35
9	24.33	377.1	0.36
9.05	23.56	407.2	0.37
9.1	22.59	452.3	0.37
9.15	22.51	442.4	0.38
9.2	22.77	480.9	0.38
9.25	22.67	529.2	0.42
9.3	22.03	457	0.43
9.35	19.62	282.2	0.43
9.4	18.2	279.4	0.43
9.45	17.65	268.2	0.43
9.5	18.41	262.1	0.44
9.55	20.06	317	0.43	
9.6	22.64	361.1	0.43	
9.65	24.58	442.2	0.43	
9.7	24.96	504.7	0.43	
9.75	28.38	548	0.43	38.83	
9.8	28.92	510.5	0.43	
9.85	25.03	364.8	0.43	
9.9	22.84	267.8	0.43	
9.95	21.27	253.6	0.43	
10	21.36	248.5	0.43	
10.05	21.51	248.3	0.43	
10.1	21.55	246.8	0.44	
10.15	21.65	238.6	0.43	
10.2	22.61	329.6	0.43	
10.25	24.39	430.1	0.43	
10.3	26.16	472.7	0.44	
10.35	28.71	508.2	0.43
10.4	31.23	595	0.43
10.45	33.67	691.9	0.43
10.5	32.49	724.7	0.96
10.55	28.95	662.6	1.02
10.6	28.8	606.2	1.12
10.65	29.4	582.7	1.13
10.7	30.74	510.1	1.13
10.75	30.36	493	1.16
10.8	29.26	408.7	1.16
10.85	32.23	518.7	1.17
10.9	32.73	660.1	1.19
10.95	34.18	774.3	1.22
11	33.16	806.1	1.23
11.05	31.69	674.2	1.24
11.1	27.6	455.7	1.32
11.15	21.94	392.2	1.35
11.2	18.03	443.1	1.37
11.25	13.72	371.7	1.39
11.3	9.89	377.9	1.38
11.35	9.91	337	1.31
11.4	13.39	320.1	1.62
11.45	18.23	259.6	1.41
11.5	21.48	410.7	1.42
11.55	27.75	605.6	1.57
11.6	31.55	725.5	1.58
11.65	24.49	622.8	1.6
11.7	18.35	274.6	1.66
11.75	16.16	123.6	1.67	46.13
11.8	14.33	75.2	1.68
11.85	12.84	37.7	1.71
11.9	12.27	39.1	1.71
11.95	11.7	90.2	1.72	
12	10.39	71.7	1.71	
12.05	8.66	46	1.72	
12.1	5.58	33.7	1.71	
12.15	5.76	32.9	1.71	
12.2	4.98	64.5	1.71	
12.25	4.72	122.2	1.7	
12.3	4.87	144.4	1.71	
12.35	4.59	145	1.71	
12.4	4.66	168	1.71	
12.45	5.17	208.1	1.71	
12.5	6.17	190.6	1.71	
12.55	8.18	344.3	2.11	
12.6	12.89	576.1	2.17	
12.65	16.7	795.8	2.18	
12.7	18.7	837.5	2.24	
12.75	21.98	784.6	2.28
12.8	23.19	673.2	2.35
12.85	23.12	482.1	2.44
12.9	23.31	516.3	2.51
12.95	22.81	514.7	2.5
13	22.74	511.4	2.52
13.05	23.06	520.2	2.53
13.1	23.87	522.1	2.64
13.15	24.34	509.8	2.66
13.2	25	560.3	2.67
13.25	25.2	589.4	2.78
13.3	25.11	554.4	2.79
13.35	24.83	526.1	2.8
13.4	22.2	494.5	2.9
13.45	20.04	558.8	2.91
13.5	20.69	648.6	2.97
13.55	24.73	774.7	3.11	
13.6	27.16	783.9	3.13	
13.65	28.5	724.6	3.18	
13.7	28.5	657.4	3.19	
13.75	28.98	608.4	3.21	52.83
13.8	29.11	566.2	3.23	
13.85	27.69	432.2	3.24	
13.9	23.73	408	3.24	
13.95	20.55	309.1	3.47	
14	18.42	393.7	3.48	
14.05	16.7	249.3	3.5	
14.1	15.6	253.4	3.5	
14.15	15.53	301.7	3.5	
14.2	17.3	392.5	3.52	
14.25	19.38	430.3	3.61	
14.3	20.46	339.2	3.61	
14.35	19.96	190	3.66
14.4	18.69	140.2	3.66
14.45	18.83	194.7	3.67
14.5	18.53	207.3	3.68
14.55	19.53	214.8	3.75
14.6	20.54	298.5	3.81
14.65	21.2	331.6	3.86
14.7	19.34	229.5	3.87
14.75	17.08	160.9	3.91
14.8	16.55	172.9	3.93
14.85	17.38	232.3	3.96
14.9	20.14	252.6	3.96
14.95	25.79	296.1	3.97
15	27.55	387.4	3.98
15.05	29.2	473.9	4.09
15.1	31.57	597.2	4.13
15.15	35.25	739.7	4.13
15.2	39.62	845.9	4.14
15.25	41.66	806	4.15
15.3	40.14	626.8	4.17
15.35	35.18	421.5	4.21
15.4	30.71	400.9	4.23
15.45	27.56	540.6	4.24
15.5	28.32	550.3	4.31
15.55	25.77	329.7	4.32
15.6	20.26	303	4.34
15.65	21.31	437.9	4.34
15.7	26.2	478.4	4.35
15.75	27.39	413.5	4.36	59.28
15.8	31.42	546.9	4.41
15.85	37.52	577.8	4.57
15.9	38.52	738.5	4.64
15.95	36.76	700	4.66	
16	34.24	620.6	4.7	
16.05	32	744.7	4.7	
16.1	31.16	809.8	4.72	
16.15	26.92	804.9	4.74	
16.2	22.42	737.2	4.77	
16.25	24.38	718.8	4.77	
16.3	28.98	738.8	4.77	
16.35	30.71	613.6	4.77	
16.4	30.66	565.7	4.85	
16.45	30.11	598.1	4.87	
16.5	29.84	606.1	4.89	
16.55	30.49	577.3	4.9	
16.6	31.98	548	4.93	
16.65	33.79	550.8	4.93	
16.7	35.14	591.6	4.93	
16.75	35.61	595.1	4.93	
16.8	36.12	652.6	4.93	
16.85	36.85	693	4.93	
16.9	36.93	699.7	4.94	
16.95	38.18	874.5	4.94	
17	40.34	866.1	5.18	63.3
17.05	40.4	788.7	5.19	
17.1	42.17	711.7	5.2	
17.15	42.42	784.2	5.27	
17.2	42.4	-32768	5.25	
17.25	40.77	-32768	5.57	