File name:	ALC021
Date:	1/31/2001
UTM Grid Zone:	10S
"UTM-X, m:"	567313
"UTM-Y, m:"	4179176
Datum:	1927 NAD
"Elevation, m:"	6.7
"Total depth, m:"	15
"Water depth, m:"	2.7
City:	Alameda
County:	Alameda
State:	CA
USGS Quadrangle:	Oakland East
Cone No.:	660
Source:	USGS
"Surface horiz. offset (seismic source to CPT), m:"	0.96

Depth (m)	Tip Resistance (MN/m2)	Sleeve Friction (kN/m2)	Inclination (degree)	S-wave travel time (ms)
0.05	55.97	133.3	0.04	
0.1	15.69	118.5	0.04	
0.15	11.37	86.2	0.04	
0.2	7.45	99.9	0.04	
0.25	5.06	88.8	0.04	
0.3	4.95	56.7	0.04	
0.35	5.41	57.1	0.05	
0.4	5.13	63.2	0.05	
0.45	4.98	64.3	0.04	
0.5	5.26	74.6	0.05	
0.55	8.12	143.4	0.04	
0.6	6.72	148.3	0.04	
0.65	4.56	119.8	0.05	
0.7	6.56	97.1	0.04	
0.75	10.91	157.6	0.05
0.8	7.37	118.4	0.04
0.85	5.63	85	0.04
0.9	5.33	68.4	0.04
0.95	5.48	71.8	0.04
1	5.82	79.2	0.04
1.05	6.37	87.2	0.04
1.1	6.79	93.7	0.04
1.15	6.49	95.4	0.04
1.2	6	90.4	0.05
1.25	5.5	74.9	0.05
1.3	5.12	58.6	0.04
1.35	4.94	60.8	0.05
1.4	4.93	65.9	0.05
1.45	5.11	69.2	0.04
1.5	5.48	95.7	0.05
1.55	5.42	126.4	0.04	
1.6	6.53	180.5	0.05	
1.65	6.42	212.3	0.1	
1.7	5.19	250.6	0.13	
1.75	8.11	268.5	0.18	10.7
1.8	11.78	401.5	0.2	
1.85	13.12	483	0.22	
1.9	13.9	518.3	0.24	
1.95	13.79	403.3	0.29	
2	14.82	397.8	0.33	
2.05	15.02	364.7	0.34	
2.1	14.44	325.1	0.33	
2.15	12.68	291.5	0.34	
2.2	10.88	265.4	0.33	
2.25	10.04	247.1	0.34	
2.3	9.62	249	0.56	
2.35	10.8	263.3	0.46
2.4	12.87	269.7	0.49
2.45	14.82	294.5	0.59
2.5	16.56	327.7	0.56
2.55	17.82	355.8	0.64
2.6	18.86	369.2	0.51
2.65	18.53	366.5	0.7
2.7	17.57	341.3	0.69
2.75	16.54	206.6	0.66
2.8	15.9	262.9	0.81
2.85	15.24	280.7	0.74
2.9	16.03	270.4	0.74
2.95	16.48	246.4	0.78
3	16.79	241.1	0.79
3.05	17.36	257	0.92
3.1	17.94	255.4	0.94
3.15	17.85	180.9	0.96
3.2	16.75	179.8	0.97
3.25	16.61	207.8	0.96
3.3	16.2	229.2	0.97
3.35	15.92	202.9	0.97
3.4	15.49	159.3	0.98
3.45	14.9	112	1.02
3.5	14.69	117.1	1.15
3.55	15.31	149.9	1.17
3.6	16.17	160.3	1.21
3.65	16.35	132.2	1.21
3.7	15.71	118.5	1.21
3.75	15.69	129.1	1.21	17.82
3.8	14.36	144.1	1.5
3.85	13.18	175.6	1.5
3.9	13.86	214.6	1.51
3.95	15.14	121.8	1.51	
4	15.83	128.4	1.52	
4.05	15.87	128.6	1.57	
4.1	16.61	139.1	1.65	
4.15	17.65	129.5	1.66	
4.2	18.08	137.3	1.66	
4.25	17.76	139.1	1.66	
4.3	17.48	152.6	1.67	
4.35	17.8	171	1.81	
4.4	18.36	191.7	1.87	
4.45	18.9	206	1.89	
4.5	20.55	197.1	1.92	
4.55	21.06	186	2.02	
4.6	20.45	186.3	2.03	
4.65	20.64	214.8	2.06	
4.7	20.65	204	2.07	
4.75	20.07	214.9	2.08
4.8	20.24	285.8	2.09
4.85	20.12	290.3	2.15
4.9	19.7	257.6	2.18
4.95	19.16	218.8	2.23
5	19.3	206.1	2.24
5.05	19.36	184.8	2.27
5.1	19.64	180.6	2.31
5.15	20.53	179.2	2.31
5.2	21	192.8	2.4
5.25	21.47	198.4	2.42
5.3	20.99	231.1	2.43
5.35	20.11	240.3	2.44
5.4	20.13	182.2	2.44
5.45	20.46	187.4	2.45
5.5	20.98	187.9	2.45
5.55	20.48	112.5	2.45	
5.6	18.19	121.9	2.49	
5.65	17.01	145.5	2.51	
5.7	17.42	137.7	2.52	
5.75	18.72	147.9	2.53	27.34
5.8	19.66	142.7	2.54	
5.85	20.33	104.1	2.65	
5.9	19.03	117.4	2.66	
5.95	16.44	154.4	2.66	
6	15.77	102	2.67	
6.05	16.26	92.8	2.69	
6.1	16.76	147.7	2.7	
6.15	18	180.2	2.7	
6.2	19.48	226.3	2.7	
6.25	20.87	285.7	2.7	
6.3	22.79	306.6	2.71	
6.35	23.16	284.4	2.7
6.4	22.17	241.5	2.74
6.45	20.89	246.9	2.74
6.5	21.08	324.1	2.74
6.55	22.97	384.8	2.74
6.6	25.47	373.1	2.77
6.65	26.28	358.4	3.17
6.7	26.12	347.3	3.17
6.75	25.84	333.1	3.17
6.8	25.94	311.5	3.17
6.85	25.28	309.6	3.16
6.9	25.52	323.7	3.17
6.95	27.09	333.8	3.17
7	27.84	337	3.17
7.05	27.67	320.5	3.17
7.1	26.25	308.6	3.18
7.15	24.37	285.1	3.17
7.2	22.4	243.7	3.8
7.25	20.98	203.2	3.83
7.3	20.3	179.5	3.83
7.35	20.22	189.4	3.83
7.4	20.75	173.9	3.83
7.45	21.62	178.5	3.83
7.5	22.23	171.8	3.84
7.55	22.7	166	3.83
7.6	21.93	171.8	3.84
7.65	21.24	152.6	3.83
7.7	20.2	139	3.83
7.75	19.13	183.3	4.14	35.11
7.8	18.24	166.4	4.15
7.85	18.12	124.4	4.16
7.9	19.23	174.8	4.24
7.95	21.53	227.4	4.27	
8	23.21	281.4	4.33	
8.05	23.87	303.3	4.34	
8.1	24.37	318	4.34	
8.15	25.09	308.2	4.34	
8.2	25.2	289.9	4.35	
8.25	24.22	275.9	4.36	
8.3	23.66	264.3	4.37	
8.35	22.51	271.5	4.37	
8.4	21.1	251.8	4.37	
8.45	20.82	182.8	4.37	
8.5	20.41	132.9	4.38	
8.55	19.4	151.7	4.56	
8.6	17.83	182	4.63	
8.65	16.75	170.9	4.64	
8.7	16.39	104.7	4.66	
8.75	15.43	114.8	4.66
8.8	14.22	132.4	4.67
8.85	14.42	162.4	4.68
8.9	16.82	205.9	4.74
8.95	21.57	309.4	4.77
9	24.48	307	4.79
9.05	23.24	261.9	4.83
9.1	22.07	235.6	4.9
9.15	21.88	227.6	4.91
9.2	22.11	222.8	4.99
9.25	22.04	215.5	5
9.3	20.31	183.8	5.06
9.35	19.95	157.9	5.07
9.4	20.43	156.1	5.09
9.45	20.99	160.1	5.09
9.5	21.41	195.1	5.11
9.55	21.33	218.8	5.19	
9.6	22.33	256	5.23	
9.65	24.92	338.8	5.24	
9.7	27.61	408.1	5.25	
9.75	29.82	432.6	5.26	44.51	
9.8	31.58	461.2	5.35	
9.85	33.72	498.2	5.39	
9.9	34.46	523.3	5.4	
9.95	35.22	504.6	5.41	
10	35.95	546.5	5.51	
10.05	35.63	488.1	5.52	
10.1	34.69	469.9	5.55	
10.15	33.21	519.1	5.55	
10.2	32.65	547.9	5.67	
10.25	34.2	577	5.72	
10.3	35.36	588.9	5.73	
10.35	35.63	591.1	5.75
10.4	35.36	561.1	5.85
10.45	35.43	553.5	5.86
10.5	35.6	572.7	5.91
10.55	36.47	601.6	5.96
10.6	36.29	595.4	5.99
10.65	34.77	567.3	6.01
10.7	32.79	508.9	6.01
10.75	32.04	493	6.12
10.8	32.6	510.2	6.15
10.85	33.75	528.1	6.16
10.9	34.88	507.7	6.17
10.95	36.12	509.3	6.17
11	36.03	522.2	6.31
11.05	35.22	528	6.35
11.1	33.68	536.6	6.16
11.15	31.75	519.9	6.37
11.2	29.64	492.7	6.27
11.25	27.99	474.5	6.49
11.3	25.64	432	6.68
11.35	23.87	374.9	6.7
11.4	23.36	321	6.76
11.45	24.03	302.6	6.82
11.5	25.3	309.9	6.73
11.55	26.56	320.8	6.86
11.6	27.24	334.6	6.48
11.65	27.2	361.2	7.18
11.7	26.73	377.2	6.86
11.75	24.73	390.6	7.01	51.9
11.8	20.45	334	7.03
11.85	14.55	171.1	7.06
11.9	10.23	104.7	7.07
11.95	7.35	100.8	7.07	
12	5.46	20.2	7.13	
12.05	4.44	9.7	7.11	
12.1	3.81	3.6	7.11	
12.15	3.02	2	7.14	
12.2	3.11	2	7.17	
12.25	3.06	5.6	7.18	
12.3	3.24	16.4	7.18	
12.35	3.91	53.3	7.2	
12.4	4.71	71.1	7.28	
12.45	4.98	82.4	7.29	
12.5	5.52	113	7.32	
12.55	6.67	123.3	7.33	
12.6	8.03	108.5	7.34	
12.65	7.09	122.2	7.35	
12.7	7.34	249.2	7.36	
12.75	9	277.1	7.44
12.8	10.15	198.3	7.48
12.85	8.48	72.2	7.49
12.9	5.67	90.1	7.5
12.95	4.71	160.9	7.5
13	5.93	256.9	7.52
13.05	6.73	313.6	7.57
13.1	6.15	297.2	7.6
13.15	5.62	259.9	7.62
13.2	5.14	230.9	7.64
13.25	4.45	203.3	7.72
13.3	4.2	170.7	7.73
13.35	4.32	209.1	7.83
13.4	6.2	332.4	7.84
13.45	9.7	478.4	7.85
13.5	11.52	557	7.86
13.55	10.89	514.9	7.87	
13.6	9.58	506.2	7.88	
13.65	9.05	499.8	8.04	
13.7	9.74	457.2	8.06	
13.75	8.8	402.3	8.12	58.53	
13.8	8.29	401.4	8.15	
13.85	8.87	442.6	8.22	
13.9	9.22	502.4	8.26	
13.95	9.88	537.3	8.26	
14	10.57	560.9	8.28	
14.05	10.79	563.8	8.47	
14.1	10.26	554.5	8.45	
14.15	9.99	574.6	8.46	
14.2	10.35	554.1	8.39	
14.25	11.91	658.1	8.47	
14.3	15.47	733.9	8.42	
14.35	19.16	790	8.58	
14.4	24.21	785.4	8.61	
14.45	27.64	742	8.64	
14.5	29.45	672	8.76	
14.55	29.72	638.8	8.77	
14.6	28.81	600	8.78	
14.65	27.06	557.5	8.78	
14.7	26	743.4	9.03	
14.75	25.89	878.7	9.09	62.03
14.8	29.49	896.5	9.1	
14.85	33.18	790.2	9.11	
14.9	35.3	653.2	9.11	
14.95	36.69	-32768	9.11	
15	38.54	-32768	9.11	
