File name:	ALC018
Date:	1/25/2001
UTM Grid Zone:	10S
"UTM-X, m:"	559529
"UTM-Y, m:"	4181617
Datum:	1927 NAD
"Elevation, m:"	1.5
"Total depth, m:"	18
"Water depth, m:"	1.4
City:	Alameda
County:	Alameda
State:	CA
USGS Quadrangle:	Oakland West
Cone No.:	660
Source:	USGS
"Surface horiz. offset (seismic source to CPT), m:"	0.96

Depth (m)	Tip Resistance (MN/m2)	Sleeve Friction (kN/m2)	Inclination (degree)	S-wave travel time (ms)
0.05	1.73	48.3	0.07	
0.1	7.23	78.4	0.04	
0.15	9.1	114.3	0.06	
0.2	8.61	107	0.05	
0.25	8.63	95.6	0.05	
0.3	8.3	70.3	0.04	
0.35	9.05	77.7	0.04	
0.4	9.73	89.6	0.04	
0.45	10.81	100.8	0.05	
0.5	11.78	112.3	0.04	
0.55	12.64	125.3	0.05	
0.6	13.86	139.2	0.04	
0.65	14.48	152.2	0.05	
0.7	14	163	0.04	
0.75	13.22	158.5	0.04
0.8	14.04	156.5	0.04
0.85	16.31	174.1	0.04
0.9	17.11	190.6	0.04
0.95	16.68	196.9	0.03
1	16.02	207.2	0.05
1.05	14.71	211.1	0.04
1.1	12.73	180.9	0.04
1.15	10.98	125.1	0.05
1.2	10.83	114.7	0.04
1.25	9.86	128.4	0.03
1.3	8.78	142.6	0.05
1.35	8.75	137.9	0.05
1.4	9.95	101.8	0.05
1.45	9.5	74.1	0.04
1.5	9.23	67.8	0.07
1.55	9.09	59.4	0.05
1.6	8.69	56	0.04
1.65	8.17	50.9	0.05
1.7	7.34	42.5	0.05
1.75	6.73	42.9	0.05
1.8	6.6	73.7	0.04
1.85	5.28	83.6	0.06
1.9	4.36	64.3	0.07
1.95	8.08	62.2	0.09
2	9.64	58.4	0.05
2.05	9.07	71.3	0.06
2.1	8.23	69.2	0.08
2.15	8.21	70.1	0.06
2.2	8.86	70.4	0.08
2.25	8.44	63	0.09
2.3	7.91	56.7	0.07
2.35	6.84	51.8	0.09
2.4	5.96	45.8	0.08
2.45	5.6	41.8	0.08
2.5	6.16	42	0.08
2.55	7.19	46.7	0.09
2.6	7.78	49.2	0.08
2.65	7.66	50.6	0.08
2.7	7.07	45.9	0.09
2.75	6.41	41	0.09
2.8	6.22	38.8	0.18
2.85	5.97	39.5	0.17
2.9	5.13	38	0.17
2.95	4.34	29.6	0.2
3	3.46	21.5	0.19
3.05	3	18.3	0.21
3.1	2.98	16	0.22
3.15	3.21	15.3	0.24
3.2	2.83	14.6	0.25
3.25	2.46	11.3	0.25
3.3	2.15	8.8	0.25
3.35	2.02	11	0.27
3.4	2.47	14.6	0.26
3.45	3.04	18.4	0.26
3.5	3.15	21.6	0.27
3.55	3.29	21.6	0.28
3.6	3.63	20.8	0.28
3.65	3.8	23.4	0.28
3.7	3.8	25.3	0.31
3.75	3.8	24.5	0.3	24.44
3.8	3.62	21	0.32
3.85	3.25	18.2	0.35
3.9	2.87	15.3	0.33
3.95	2.62	15.1	0.34	
4	2.4	12.9	0.34	
4.05	2.06	12.4	0.41	
4.1	2.14	13.4	0.41	
4.15	2.39	16.7	0.4	
4.2	2.9	19.6	0.4	
4.25	3.33	21.4	0.4	
4.3	3.45	21.7	0.42	
4.35	3.46	21.2	0.43	
4.4	3.41	20.5	0.41	
4.45	3.44	21.7	0.41	
4.5	3.57	22.8	0.41	
4.55	3.67	23.5	0.41	
4.6	3.91	25.6	0.42	
4.65	3.97	27.3	0.48	
4.7	4.13	28.2	0.48	
4.75	4.2	26.4	0.48
4.8	3.93	27.9	0.48
4.85	3.83	27.6	0.51
4.9	3.96	28.1	0.51
4.95	4.11	31.5	0.52
5	4.27	33.4	0.53
5.05	4.27	33.6	0.53
5.1	4.15	32.9	0.53
5.15	4.27	31.9	0.53
5.2	4.48	35.7	0.56
5.25	5.15	37.9	0.57
5.3	5.11	35.3	0.58
5.35	4.76	31.6	0.58
5.4	4.25	33.1	0.59
5.45	4.14	31.5	0.58
5.5	4.23	30.7	0.59
5.55	4.64	33.1	0.58	
5.6	5.06	34.7	0.59	
5.65	5.21	38.5	0.58	
5.7	5.23	39.6	0.58	
5.75	5.51	35.9	0.59	40.03	
5.8	5.88	39.5	0.59	
5.85	5.38	41.4	0.69	
5.9	5.3	40.6	0.69	
5.95	5.23	43.3	0.75	
6	4.65	46.2	0.75	
6.05	3.14	46.8	0.75	
6.1	2.21	25.5	0.75	
6.15	3.49	21.6	0.75	
6.2	4.04	23.2	0.76	
6.25	4.01	33.6	0.74	
6.3	2.76	38.6	0.76	
6.35	2.06	26.4	0.78
6.4	1.71	12.1	0.83
6.45	1.1	6.5	0.88
6.5	0.87	2.1	0.83
6.55	1.11	-0.9	0.89
6.6	1.34	-1.5	0.87
6.65	0.6	2.1	0.89
6.7	0.97	5.4	0.9
6.75	2.36	11.6	0.83
6.8	3.11	21.5	0.92
6.85	2.9	30.9	0.98
6.9	2.84	29.7	1
6.95	3.16	28.9	1.01
7	3.03	29	1.01
7.05	3.07	26.3	1.01
7.1	3.45	27.9	1.02
7.15	3.95	30.3	1.02
7.2	4.59	31.9	1.01
7.25	4.5	57.7	1.09
7.3	3.05	73.9	1.1
7.35	1.17	40.6	1.15
7.4	1.24	45.8	1.16
7.45	3.6	53.4	1.15
7.5	3.03	59.4	1.17
7.55	8.38	74.8	1.19
7.6	8.91	78.3	1.2
7.65	8.71	85.2	1.24
7.7	7.74	80.6	1.26
7.75	6.78	67	1.26	51.58
7.8	5.43	55.5	1.27
7.85	4.18	42.1	1.27
7.9	3.34	23.8	1.35
7.95	2.6	10.6	1.35	
8	2.15	6.7	1.35	
8.05	2.53	6.8	1.4	
8.1	3.13	16.2	1.4	
8.15	3.13	17.1	1.42	
8.2	3.39	16.1	1.44	
8.25	3.7	20	1.56	
8.3	3.34	25.2	1.5	
8.35	3.3	30	1.52	
8.4	3.26	32.5	1.55	
8.45	3.48	36.5	1.55	
8.5	3.72	37.6	1.56	
8.55	3.95	46.2	1.63	
8.6	3.82	44.1	1.64	
8.65	4.66	42.7	1.65	
8.7	5.32	49.7	1.65	
8.75	5.44	53.4	1.64
8.8	5.96	62	1.8
8.85	5.64	82.5	1.8
8.9	4.55	82.5	1.81
8.95	3.89	73.2	1.84
9	5.39	57.5	1.81
9.05	9.06	68.9	1.81
9.1	10.4	91	1.82
9.15	11.79	118.4	1.83
9.2	12.6	134.6	1.84
9.25	13.55	140.3	1.85
9.3	14.26	150.2	1.87
9.35	14.81	160.2	1.87
9.4	15.02	167.5	1.85
9.45	15.3	161.4	1.86
9.5	15.72	144.3	1.86
9.55	15.6	144.6	1.87	
9.6	14.82	149.5	1.89	
9.65	13.68	143.8	1.89	
9.7	13.14	124.3	1.89	
9.75	13.27	118.3	1.9	61.6
9.8	11.7	93.6	1.93	
9.85	12.36	84.5	1.98	
9.9	12.93	88.9	1.98	
9.95	11.84	103.6	1.98	
10	10.4	89.1	1.99	
10.05	9.98	41.9	2.11	
10.1	9.27	35	2.11	
10.15	8.49	33.8	2.11	
10.2	8.23	39.3	2.12	
10.25	7.29	34	2.16	
10.3	5.87	28.3	2.16	
10.35	4.58	36.8	2.17
10.4	4.17	23.7	2.24
10.45	4.08	10.1	2.23
10.5	4.25	14.1	2.29
10.55	3.67	20.6	2.3
10.6	3.09	17.2	2.28
10.65	3.54	11.5	2.28
10.7	3.82	23	2.27
10.75	3.58	34.5	2.27
10.8	3.71	25.8	2.28
10.85	3.83	-3	2.28
10.9	2.38	33.3	2.29
10.95	0.85	28.1	2.33
11	1.76	29.8	2.37
11.05	1.26	23.4	2.37
11.1	1.49	24	2.37
11.15	1.04	20.7	2.38
11.2	2.97	14.8	2.37
11.25	3.36	26.1	2.37
11.3	2.72	22	2.38
11.35	2.39	11.6	2.37
11.4	1.46	7.3	2.38
11.45	1.05	10.9	2.38
11.5	1.35	14.2	2.36
11.55	1.14	13.5	2.37
11.6	1.03	14.4	2.41
11.65	1.87	20.5	2.41
11.7	2.51	14.7	2.4
11.75	2.73	20.1	2.41	71.2
11.8	2.47	13.8	2.41
11.85	2.59	8.9	2.41
11.9	2.66	3.1	2.42
11.95	2.53	17.7	2.42	
12	1.74	18.7	2.43
12.05	2.26	4.6	2.44	
12.1	2.63	6.2	2.44	
12.15	2.61	14.1	2.43	
12.2	2.7	17.2	2.46	
12.25	2.84	11.2	2.45	
12.3	3.48	3.5	2.47	
12.35	2.66	7.7	2.45	
12.4	2.39	11	2.46	
12.45	3.57	16.8	2.47	
12.5	4.99	33.4	2.46	
12.55	6.48	26.9	2.46	
12.6	7.67	43.6	2.45	
12.65	6.05	61.8	2.46	
12.7	5.28	51.9	2.47	
12.75	4.62	34.6	2.46
12.8	3.28	32.9	2.47
12.85	2.87	57.3	2.5
12.9	3.32	64.9	2.5
12.95	4.13	101.7	2.49
13	5.03	100.8	2.46
13.05	4.29	89.7	2.47
13.1	3.67	116.5	2.47
13.15	5.08	138.6	2.48
13.2	5.99	222.1	2.52
13.25	7.55	194.2	2.53
13.3	7.07	142.8	2.59
13.35	5.25	80.7	2.59
13.4	3.65	63.1	2.6
13.45	3.81	55.3	2.6
13.5	4.06	84.4	2.6
13.55	4.91	131.8	2.76	
13.6	6.61	144.8	2.75	
13.65	6.07	130.4	2.83	
13.7	5.24	131.1	2.86	
13.75	5.75	131.1	2.9	81.72	
13.8	6.68	104.5	2.95	
13.85	6.13	97.1	2.95	
13.9	5.76	158.1	2.95	
13.95	8.51	20.4	2.94	
14	6.95	268.4	3.04	
14.05	3.61	189.1	3.04	
14.1	6.01	197.3	3.01	
14.15	7.18	262.2	3.02	
14.2	9.83	387.1	3.02	
14.25	10.83	473.9	3.16	
14.3	11.39	584	3.17	
14.35	12.39	669.4	3.17
14.4	12.44	623	3.17
14.45	11.02	594.7	3.2
14.5	10.89	626.5	3.22
14.55	13.61	735.4	3.24
14.6	17.28	760.2	3.25
14.65	20.5	697.2	3.31
14.7	21.02	650.3	3.31
14.75	19.76	696.6	3.32
14.8	17.78	732.7	3.31
14.85	16.55	694.4	3.32
14.9	16	629.3	3.37
14.95	15.71	451.8	3.48
15	16.94	512.4	3.5
15.05	18.15	600.9	3.56
15.1	19.53	709.1	3.57
15.15	20.54	802.5	3.59
15.2	21.12	904.6	3.63
15.25	20.98	910	3.78
15.3	21.45	923.4	3.78
15.35	22	907.1	3.98
15.4	23.35	888.3	3.97
15.45	24.27	829.9	3.99
15.5	24.02	756.3	4.05
15.55	25.15	685.8	4.1
15.6	26.23	510.2	4.21
15.65	25.26	542.2	4.22
15.7	17.33	453.3	4.24
15.75	10.48	373.2	4.32	87.81
15.8	8.74	411.2	4.33
15.85	10.66	574.9	4.39
15.9	16.48	789.8	4.39
15.95	21.08	750	4.41	
16	23.51	638.6	4.4	
16.05	24	716	4.44	
16.1	26.56	786.1	4.44	
16.15	30.25	663.5	4.45	
16.2	33.88	647.4	4.45	
16.25	33.11	706.7	4.45	
16.3	39.4	746.3	4.46	
16.35	42.68	818	4.45	
16.4	41.5	937.8	4.46	
16.45	39.04	830.1	4.47	
16.5	39.34	629.5	4.47	
16.55	40.76	533.6	4.82	
16.6	45.69	538.6	4.86	
16.65	46.69	625.2	4.89	
16.7	46.77	812.7	5.01	
16.75	45.78	811.6	5.07
16.8	44.14	864.4	5.11
16.85	40.3	898.8	5.13
16.9	34.79	946.2	5.18
16.95	29.84	905.1	5.28
17	20.7	720.8	5.36
17.05	13.93	531.8	4.79
17.1	13.45	420	5.28
17.15	15.12	414.8	5.22
17.2	17.6	450.2	5.81
17.25	22.38	412.7	5.3
17.3	24.48	315.6	5.77
17.35	26.56	307.2	5.7
17.4	27.77	335.4	5.74
17.45	27.94	374.3	5.75
17.5	27.47	401	5.75
17.55	26.92	400.3	5.89	
17.6	26.43	398.5	5.92	
17.65	26.37	388.6	5.92	
17.7	26.28	417.9	5.93	
17.75	25.43	491.1	5.94	91.56	
17.8	23.67	592.4	6.15	
17.85	23.8	684.5	6.17	
17.9	25.27	677.8	6.17	
17.95	27.02	-32768	6.19	
18	28.53	-32768	6.34	
