File name:	ALC016
Date:	1/24/2001
UTM Grid Zone:	10S
"UTM-X, m:"	560540
"UTM-Y, m:"	4181697
Datum:	1927 NAD
"Elevation, m:"	1.5
"Total depth, m:"	16.5
"Water depth, m:"	1.1
City:	Alameda
County:	Alameda
State:	CA
USGS Quadrangle:	Oakland West
Cone No.:	660
Source:	USGS
"Surface horiz. offset (seismic source to CPT), m:"	0.96

Depth (m)	Tip Resistance (MN/m2)	Sleeve Friction (kN/m2)	Inclination (degree)	S-wave travel time (ms)
0.05	59.06	260.4	0.56	
0.1	61.44	471.4	0.77	
0.15	35.29	475.8	0.05	
0.2	27.98	370.2	0.05	
0.25	21.5	294.1	0.05	
0.3	20.03	255.5	0.03	
0.35	16.89	228.6	0.04	
0.4	18	207.3	0.05	
0.45	22.01	215	0.03	
0.5	23.93	250.8	0.04	
0.55	25.37	206.1	0.05	
0.6	25.72	237.5	0.04	
0.65	22.81	241.3	0.05	
0.7	23.27	246.4	0.04	
0.75	22.39	264.6	0.04
0.8	19.64	275.8	0.04
0.85	14.41	277.7	0.05
0.9	10.66	193.7	0.05
0.95	15.38	125.6	0.03
1	16.82	96.2	0.04
1.05	15.77	122.7	0.04
1.1	13.9	128.7	0.04
1.15	10.45	134.1	0.05
1.2	7.48	104.4	0.04
1.25	7.33	88	0.04
1.3	7.92	85.6	0.03
1.35	6.5	77.8	0.04
1.4	5.85	71.6	0.05
1.45	6.2	50.4	0.03
1.5	8.49	46.1	0.04
1.55	8.65	54.4	0.04	
1.6	7.44	100.7	0.04	
1.65	5.82	97.8	0.06	
1.7	5.25	80.6	0.04	
1.75	6.68	65.6	0.05	10.35
1.8	8.02	50.9	0.05	
1.85	8	46	0.04	
1.9	7.3	49.4	0.03	
1.95	6.71	46.9	0.05	
2	6.53	44.9	0.03	
2.05	6.3	45.3	0.04	
2.1	6.34	43.4	0.04	
2.15	5.92	44.3	0.04	
2.2	5.76	44	0.05	
2.25	5.43	41.8	0.04	
2.3	5.42	37.6	0.04	
2.35	5.2	36.2	0.04
2.4	5.15	39.4	0.05
2.45	4.92	40.1	0.05
2.5	4.89	34.3	0.04
2.55	4.88	35.1	0.04
2.6	5.26	34.1	0.04
2.65	5.13	36	0.04
2.7	5.13	38.2	0.04
2.75	4.84	37.1	0.04
2.8	4.74	35.6	0.04
2.85	5	35.5	0.03
2.9	5.37	36.3	0.04
2.95	4.98	36.3	0.04
3	5.24	37	0.04
3.05	5.47	39	0.04
3.1	5.49	41.1	0.05
3.15	5.25	39.1	0.05
3.2	4.72	33.3	0.06
3.25	4.57	30.9	0.05
3.3	4.2	35.9	0.05
3.35	3.13	40.8	0.06
3.4	1.98	30.7	0.07
3.45	2.55	29.7	0.07
3.5	2.32	23.8	0.06
3.55	4.01	30.7	0.07
3.6	5.04	33.4	0.07
3.65	5.82	41.3	0.08
3.7	6.31	47.8	0.08
3.75	6.44	50.5	0.08	24.27
3.8	6.22	51.4	0.08
3.85	5.63	45.1	0.08
3.9	5.06	47.2	0.08
3.95	5.09	43.1	0.09	
4	5.19	27.6	0.09	
4.05	4.68	28.3	0.09	
4.1	3.57	31.7	0.09	
4.15	3.83	31.5	0.1	
4.2	3.95	37.6	0.09	
4.25	3.71	31.6	0.11	
4.3	3.72	29.6	0.12	
4.35	3.77	31.5	0.11	
4.4	3.31	32	0.12	
4.45	2.71	32.3	0.11	
4.5	2.93	51.3	0.13	
4.55	1.21	35.5	0.12	
4.6	0.89	23.7	0.12	
4.65	0.88	20.8	0.13	
4.7	3.94	32.4	0.13	
4.75	5.97	61.5	0.11
4.8	6.85	85.8	0.11
4.85	6.95	93.7	0.12
4.9	5.41	85.2	0.1
4.95	2.53	71.9	0.11
5	1.22	47	0.12
5.05	0.77	19.2	0.13
5.1	0.71	2.8	0.11
5.15	0.74	1.1	0.12
5.2	0.58	2.9	0.13
5.25	0.55	1.6	0.12
5.3	0.62	2.5	0.12
5.35	0.65	3.1	0.12
5.4	0.62	8.7	0.13
5.45	0.66	13.4	0.12
5.5	3.31	23.6	0.12
5.55	3.59	31.4	0.13	
5.6	3.77	34.1	0.12	
5.65	4.43	37.4	0.13	
5.7	4.75	46.1	0.18	
5.75	4.12	44.8	0.19	39.68	
5.8	3.17	35.8	0.18	
5.85	4.11	34	0.19	
5.9	4.65	33.4	0.18	
5.95	4.7	33	0.21	
6	4.85	36.8	0.22	
6.05	5.07	39.8	0.24	
6.1	5.11	42.6	0.22	
6.15	4.86	41.8	0.23	
6.2	4.58	40.5	0.24	
6.25	4.5	38.4	0.24	
6.3	3.96	39.6	0.25	
6.35	3.07	32	0.23
6.4	2.26	27.6	0.23
6.45	1.83	18.8	0.29
6.5	1.91	14.9	0.3
6.55	2.18	9.8	0.29
6.6	2.58	13.4	0.3
6.65	2.53	22.6	0.3
6.7	2.6	25.3	0.3
6.75	2.57	22.1	0.31
6.8	2.56	15.8	0.3
6.85	2.41	13.7	0.3
6.9	2.31	11.7	0.31
6.95	2.7	9.5	0.3
7	2.43	18.1	0.3
7.05	1.56	13.6	0.31
7.1	1.13	5.4	0.31
7.15	0.89	0.1	0.31
7.2	0.68	-0.5	0.3
7.25	0.64	-1.4	0.31
7.3	0.81	0.4	0.45
7.35	0.67	1.3	0.45
7.4	0.66	1.9	0.49
7.45	0.61	0	0.49
7.5	0.65	0.9	0.5
7.55	0.63	1.6	0.49
7.6	0.67	1.4	0.49
7.65	0.71	2.7	0.49
7.7	0.76	19.6	0.49
7.75	4.73	59.5	0.63	54.65
7.8	2.27	80.7	0.64
7.85	1.16	39	0.64
7.9	0.78	20.7	0.64
7.95	0.79	16.2	0.65	
8	3.31	41.7	0.74	
8.05	3.69	66.3	0.74	
8.1	1.72	45.5	0.75	
8.15	2.32	46.5	0.85	
8.2	1.44	29.9	0.85	
8.25	0.79	19.9	0.87	
8.3	0.77	8.8	0.88	
8.35	0.97	13.3	0.88	
8.4	0.94	14.5	0.9	
8.45	0.76	11.1	0.91	
8.5	0.72	8.8	0.95	
8.55	0.74	8.5	0.96	
8.6	0.67	9.1	0.96	
8.65	0.73	7.5	0.96	
8.7	0.68	6.9	0.96	
8.75	0.69	6.9	0.96
8.8	0.72	8.9	0.96
8.85	0.72	11.9	0.97
8.9	0.74	17.1	0.96
8.95	0.79	14.8	0.97
9	0.76	13.4	0.97
9.05	0.79	10.6	0.97
9.1	0.78	10.2	0.96
9.15	0.75	8.2	0.97
9.2	0.79	6.7	0.97
9.25	0.76	5.9	1.09
9.3	0.7	5.2	1.12
9.35	0.77	4.5	1.13
9.4	0.7	4.1	1.13
9.45	0.7	4.6	1.13
9.5	0.72	4.3	1.12
9.55	0.67	4.1	1.13	
9.6	0.71	3.9	1.12	
9.65	0.74	3.7	1.13	
9.7	0.77	3.2	1.13	
9.75	0.75	4.6	1.13	72.05	
9.8	0.69	4.6	1.22	
9.85	0.73	5.2	1.21	
9.9	0.7	4.4	1.23	
9.95	0.69	5.1	1.23	
10	0.75	5.1	1.41	
10.05	0.66	4.6	1.42	
10.1	0.65	4.4	1.42	
10.15	0.74	4.4	1.41	
10.2	0.7	5.5	1.43	
10.25	0.73	7.9	1.42	
10.3	0.72	14.5	1.42	
10.35	0.87	14.7	1.43
10.4	0.73	12.1	1.42
10.45	0.91	11.2	1.42
10.5	0.89	12.7	1.42
10.55	0.92	13	1.42
10.6	0.94	12.7	1.42
10.65	0.98	15.6	1.42
10.7	1.08	19.2	1.43
10.75	1.02	17.8	1.43
10.8	0.86	14.6	1.44
10.85	0.85	11.5	1.44
10.9	0.86	12.1	1.45
10.95	0.94	14	1.53
11	0.91	12.5	1.53
11.05	0.95	13.8	1.53
11.1	0.84	11	1.54
11.15	0.85	10.1	1.54
11.2	0.94	11.5	1.54
11.25	0.84	12.2	1.57
11.3	0.93	11.7	1.58
11.35	0.91	10.3	1.59
11.4	0.86	10	1.59
11.45	0.76	7.3	1.58
11.5	0.72	6.8	1.59
11.55	0.81	8.1	1.59
11.6	0.8	8.6	1.59
11.65	0.86	9.5	1.6
11.7	0.86	8.7	1.59
11.75	0.79	7.2	1.64	92.06
11.8	0.72	5.9	1.65
11.85	0.73	5.4	1.66
11.9	0.82	5.8	1.66
11.95	0.72	7.7	1.68	
12	0.83	7	1.72
12.05	0.81	6.4	1.71	
12.1	0.75	4.8	1.72	
12.15	0.76	4.3	1.74	
12.2	0.8	4.7	1.73	
12.25	0.84	5	1.74	
12.3	0.8	5.6	1.74	
12.35	0.71	5.8	1.75	
12.4	0.79	5.9	1.75	
12.45	0.83	5	1.75	
12.5	0.78	3.7	1.75	
12.55	0.79	3.5	1.76	
12.6	0.8	5	1.84	
12.65	0.75	4.8	1.85	
12.7	0.89	3.9	1.85	
12.75	0.84	3.9	1.86
12.8	0.79	3.6	1.87
12.85	0.84	3.5	1.87
12.9	0.83	2.6	1.88
12.95	0.83	3.3	1.89
13	0.82	3.7	1.98
13.05	0.81	4.6	1.99
13.1	0.88	6.4	2.01
13.15	1.04	11.9	2.01
13.2	1.18	21.9	2.01
13.25	1.16	20.9	2.03
13.3	1.17	12	2.02
13.35	1.1	7.9	2.05
13.4	1.35	4.6	2.11
13.45	1.58	8.8	2.1
13.5	1.88	10.4	2.08
13.55	4.08	19.9	2.08	
13.6	4.84	20.6	2.07	
13.65	6.09	30	2.09	
13.7	6.56	54.9	2.07	
13.75	8.6	86.3	2.08	107.91	
13.8	11.03	112.6	2.07	
13.85	10.77	105.6	2.08	
13.9	7.45	98.2	2.08	
13.95	4.24	115.5	2.08	
14	3.64	18.1	2.14	
14.05	2.74	5.2	2.15	
14.1	1.71	8.7	2.15	
14.15	1.72	13.1	2.15	
14.2	1.55	32.7	2.15	
14.25	1.92	52.7	2.14	
14.3	2.52	77.1	2.15	
14.35	2.88	90.5	2.14
14.4	2.62	57.7	2.15
14.45	2.02	73	2.15
14.5	2.99	74.6	2.14
14.55	2.58	61.7	2.15
14.6	2.15	65.2	2.15
14.65	1.83	48.1	2.14
14.7	1.36	34.9	2.15
14.75	1.29	32.8	2.15
14.8	1.37	30.8	2.16
14.85	1.66	21.7	2.16
14.9	0.94	16.4	2.16
14.95	0.86	7.4	2.17
15	0.71	7.8	2.18
15.05	0.78	22.7	2.17
15.1	1.61	74.9	2.13
15.15	4.35	182.2	1.94
15.2	7.93	226.3	1.72
15.25	8.22	255.8	1.74
15.3	8.96	351.6	1.78
15.35	11.58	531.1	1.88
15.4	16.46	697.5	1.94
15.45	17.42	859.4	1.95
15.5	20.99	983.8	2.02
15.55	22.34	1016.6	2.08
15.6	24.3	1007	2.07
15.65	22.5	1004.4	2.09
15.7	25.86	956.3	2.09
15.75	27.13	897.9	2.11	115.43
15.8	27.84	856.3	2.12
15.85	28.82	772.6	2.12
15.9	28.98	786.5	2.18
15.95	27.83	503.2	2.16	
16	27.54	609.9	2.18	
16.05	29.49	685.6	2.16	
16.1	31.55	842.9	2.15	
16.15	31.79	957.2	2.15	
16.2	30.64	1126.8	2.15	
16.25	34.37	1091.5	2.15	116.65
16.3	37.55	1094.7	2.14	
16.35	38.78	1198.9	2.07	
16.4	40.4	1217	2.08	
16.45	40.71	-32768	2.01	
16.5	39.72	-32768	2.01	
