File name:	ALC025
Date:	2/1/2001
UTM Grid Zone:	10S
"UTM-X, m:"	562139
"UTM-Y, m:"	4180589
Datum:	1927 NAD
"Elevation, m:"	1.5
"Total depth, m:"	16
"Water depth, m:"	1.8
City:	Alameda
County:	Alameda
State:	CA
USGS Quadrangle:	Oakland West
Cone No.:	660
Source:	USGS
"Surface horiz. offset (seismic source to CPT), m:"	0.96

Depth (m)	Tip Resistance (MN/m2)	Sleeve Friction (kN/m2)	Inclination (degree)	S-wave travel time (ms)
0.05	4.75	63.1	0.04	
0.1	5.94	113.9	0.07	
0.15	12.37	133.9	0.15	
0.2	13.29	138.9	0.16	
0.25	13.95	147.8	0.19	
0.3	15.06	162.9	0.21	
0.35	16.18	172.5	0.23	
0.4	16.51	186.7	0.24	
0.45	17.07	191.7	0.25	
0.5	16.71	192.4	0.26	
0.55	16.46	188.1	0.27	
0.6	16.35	156	0.26	
0.65	15.5	159.2	0.27	
0.7	14	163.2	0.28	
0.75	13.74	164.9	0.33
0.8	13.07	153.6	0.33
0.85	12.47	147.7	0.34
0.9	12.22	137.9	0.38
0.95	11.29	125.3	0.46
1	11.31	117.9	0.29
1.05	11.28	116.1	0.43
1.1	10.93	111.8	0.6
1.15	10.79	111.4	0.37
1.2	10.55	112.8	0.54
1.25	10.4	111.9	0.44
1.3	10.16	107.2	0.72
1.35	9.96	105.6	0.76
1.4	9.87	103	0.46
1.45	9.49	96.7	0.5
1.5	9.4	94.3	0.63
1.55	9.56	95.2	0.86	
1.6	9.34	91.7	0.48	
1.65	9.03	86.1	0.6	
1.7	8.69	67.7	0.54	
1.75	8.87	80.7	0.53	10.7	
1.8	8.41	82.9	0.65	
1.85	8.17	83.4	0.67	
1.9	7.78	79.4	0.74	
1.95	7.36	65.9	0.7	
2	6.72	62.9	0.76	
2.05	6.14	57	0.74	
2.1	6.33	53.7	0.8	
2.15	6.36	49.6	0.72	
2.2	6.11	47	0.93	
2.25	6.04	47.8	0.75	
2.3	6.01	47.1	0.86	
2.35	5.88	45.5	0.83
2.4	5.78	45.4	0.85
2.45	6.04	50.6	1.02
2.5	6.27	55.5	1.05
2.55	6.26	53.7	0.94
2.6	6.19	51.5	0.94
2.65	6.51	56.5	0.94
2.7	6.81	59.6	0.94
2.75	6.66	50	0.99
2.8	7.15	46.6	0.99
2.85	7.2	53.8	1.02
2.9	7.28	53.3	0.99
2.95	7.07	49.2	0.99
3	6.32	44.7	1
3.05	5.88	42.3	1.06
3.1	5.76	44	1.07
3.15	5.32	38.7	1.08
3.2	5.24	37.5	1.09
3.25	6.12	40.9	1.1
3.3	6.03	34.8	1.19
3.35	6.01	35.9	1.2
3.4	5.72	37.8	1.2
3.45	6.17	42.3	1.21
3.5	6.54	51	1.21
3.55	6.03	49.2	1.22
3.6	5.86	42.8	1.24
3.65	6.24	43.3	1.23
3.7	7.11	44.1	1.24
3.75	7.13	38.8	1.24	22.24
3.8	6.37	16.5	1.23
3.85	6.2	12.5	1.23
3.9	4.96	30.2	1.16
3.95	3.37	52.2	1.15	
4	2.03	31.8	1.08	
4.05	2.24	22.9	1.57	
4.1	3.48	51.4	1.41	
4.15	1.99	48.5	1.66	
4.2	2.77	31.4	1.7	
4.25	4.87	40.5	1.42	
4.3	6.47	53.9	1.42	
4.35	6.17	55.7	1.68	
4.4	5.32	48.4	1.66	
4.45	5.04	55.9	1.67	
4.5	4.52	44.3	1.67	
4.55	4.7	43.8	1.75	
4.6	5.16	42.4	1.69	
4.65	4.77	42.9	1.69	
4.7	4.13	44	1.69	
4.75	3.79	43.1	1.76
4.8	5.28	38.4	1.81
4.85	5.79	49.6	1.79
4.9	5.83	53.5	1.86
4.95	5.94	58.3	1.88
5	5.91	58	1.9
5.05	5.54	54.5	1.91
5.1	5.39	50.1	1.9
5.15	5.12	50.3	1.91
5.2	5.14	53.3	2.07
5.25	5.46	53.4	2.04
5.3	6.08	60.2	2.06
5.35	7.98	104.4	2.07
5.4	13.03	191.8	2.1
5.45	13.03	172.4	2.11
5.5	10.74	139.4	2.11
5.55	9.41	105.6	2.11	
5.6	11.42	102.1	2.49	
5.65	13.59	114.1	2.47	
5.7	12.92	153.6	2.49	
5.75	11.38	178.4	2.62	34.29
5.8	9.95	202	2.65	
5.85	10.14	288.4	2.65	
5.9	16.58	319.7	2.76	
5.95	16.84	190.1	2.8	
6	14.77	222	2.85	
6.05	16.27	303.3	2.92	
6.1	18.05	321.7	2.95	
6.15	16.24	254.8	2.96	
6.2	14.68	157.1	3.05	
6.25	13.72	108.5	3.08	
6.3	11.78	57.7	3.15	
6.35	10.08	11.5	3.15
6.4	8.61	10.5	3.16
6.45	7.34	9.5	3.17
6.5	6.59	5.3	3.18
6.55	6.81	10.9	3.2
6.6	6.98	23.1	3.22
6.65	7.61	53.2	3.23
6.7	10.33	42.5	3.23
6.75	13.79	52.2	3.24
6.8	16.27	119.6	3.26
6.85	17.85	181.5	3.31
6.9	20.27	248.4	3.31
6.95	21.07	318.4	3.32
7	20.81	288.2	3.32
7.05	19.63	239.7	3.34
7.1	18.24	270	3.42
7.15	16.78	236.4	3.43
7.2	15.23	117	3.51
7.25	13.8	146.2	3.54
7.3	13.63	178.3	3.57
7.35	13.72	190.8	3.59
7.4	13.92	172.3	3.61
7.45	14.39	141.2	3.64
7.5	14.99	104.3	3.67
7.55	15.43	89.9	3.71
7.6	15.4	96.2	3.71
7.65	15.78	126.4	3.72
7.7	16.79	239.3	3.8
7.75	17.69	414.7	3.82	41.26
7.8	17.61	578.7	3.83
7.85	17.67	564.6	3.85
7.9	21.84	484.5	3.84
7.95	23.52	146.9	3.85	
8	24.21	244	3.84	
8.05	24.06	321.6	3.95	
8.1	24.28	397.5	3.96	
8.15	23.99	443.3	3.97	
8.2	23.26	493.7	3.98	
8.25	23.96	534.4	3.99	
8.3	25.87	564.3	4.03	
8.35	27.21	551.1	4.04	
8.4	28.77	569.4	4.14	
8.45	29.25	585.9	4.16	
8.5	29.98	567.1	4.19	
8.55	29.62	541.9	4.26	
8.6	30.08	564.7	4.28	
8.65	31.47	579	4.3	
8.7	31.98	545	4.4	
8.75	30.76	386.9	4.41
8.8	27.19	294	4.5
8.85	22.82	304.8	4.56
8.9	21.1	279.5	4.7
8.95	21.65	322.3	4.64
9	23.33	357.6	4.64
9.05	24.89	393.8	4.63
9.1	25.84	414.8	4.63
9.15	25.57	440.2	4.63
9.2	25.52	431.1	4.63
9.25	24.84	400.2	4.57
9.3	23.89	340.7	4.57
9.35	23.08	337.6	4.57
9.4	23.27	317.9	4.56
9.45	20.78	286.9	4.57
9.5	19.04	296.9	4.56
9.55	17.27	298.6	4.56	
9.6	15.64	266.3	4.56	
9.65	14.34	248.2	4.56	
9.7	14.11	261.7	4.56	
9.75	15.09	179.1	4.55	49.13
9.8	15.69	218.4	4.55	
9.85	15.92	260.8	4.57	
9.9	17.63	258.6	4.57	
9.95	18.48	170.8	4.57	
10	18.67	202.4	4.56	
10.05	17.99	188.9	4.54	
10.1	18.03	208	4.55	
10.15	18.73	245.8	4.56	
10.2	19.65	296.5	4.56	
10.25	19.22	316.7	4.6	
10.3	19.68	394	4.64	
10.35	20.43	514.7	4.61
10.4	21.92	565.5	4.62
10.45	20.76	557.5	4.66
10.5	18.02	519.8	4.67
10.55	15.38	463.9	4.69
10.6	13.82	393.8	4.77
10.65	13.76	409.7	4.36
10.7	14.87	465.6	4.61
10.75	16.28	410.8	4.72
10.8	17.71	377.9	4.92
10.85	18.88	382.6	4.85
10.9	19.57	378.3	4.91
10.95	19.17	347.6	4.85
11	19.26	378.2	4.9
11.05	20.52	430.8	4.88
11.1	20.08	454.4	5.02
11.15	18.62	480.7	5.02
11.2	17.86	452.7	4.89
11.25	17.18	419.1	4.65
11.3	16.97	448.5	5.04
11.35	17.62	441.3	5.07
11.4	17.81	389	4.9
11.45	18.67	325.3	4.98
11.5	18.28	250	5.42
11.55	17.94	203.1	5.02
11.6	18.01	185.7	5.25
11.65	18.54	193	5.25
11.7	19.31	200.6	5.24
11.75	20.02	218.8	5.28	55.43
11.8	20.6	231.7	5.4
11.85	21.58	255.9	5.4
11.9	22.7	274.5	5.42
11.95	23.31	294.1	5.43	
12	23.37	325.9	5.53	
12.05	23.74	322.7	5.51	
12.1	24.26	334.8	5.53	
12.15	24.52	349	5.54	
12.2	23.83	439.2	5.56	
12.25	22.4	565	5.66	
12.3	21.4	594.2	5.65	
12.35	19.08	524.1	5.7	
12.4	18.53	511.3	5.91	
12.45	20.25	574.9	5.82	
12.5	22.93	565.2	5.84	
12.55	22.6	499.6	5.72	
12.6	22.69	392.8	5.65	
12.65	23.46	377.6	6.17	
12.7	24.84	435.2	6.04	
12.75	23.87	457.7	6.03
12.8	21.47	377.8	6.15
12.85	18.65	320.8	5.99
12.9	15.34	255.8	6.16
12.95	14.97	156.2	6.26
13	15.63	119.6	6.05
13.05	15.57	109.9	6.08
13.1	14.66	129	6.03
13.15	13.13	138.1	6.06
13.2	12.7	104.3	6.48
13.25	12.48	178.5	6.22
13.3	13.26	141	6.33
13.35	15.15	278.3	6.41
13.4	18.23	406.3	6.44
13.45	20.17	549.9	6.47
13.5	25.76	667.9	6.49
13.55	27.68	756.7	6.55	
13.6	23.16	652.8	6.56	
13.65	23.15	756.7	6.61	
13.7	29.3	812.9	6.62	
13.75	32.06	768.4	6.65	61.45
13.8	15.94	344.7	6.67	
13.85	11.31	188.6	6.92	
13.9	10.6	256.8	7.1	
13.95	13.16	253.6	6.94	
14	12.85	188.9	6.78	
14.05	6.19	20.3	6.62	
14.1	3.36	24.8	6.43	
14.15	2.68	53.1	6.72	
14.2	3.79	114	6.69	
14.25	4.16	157.4	6.83	
14.3	4.55	204.5	6.47	
14.35	4.72	262.6	6.58
14.4	6.07	327.2	7
14.45	7.06	368.6	6.95
14.5	10.28	394.4	6.96
14.55	13.07	394.8	6.97
14.6	15.32	386.2	6.98
14.65	16.62	267.8	6.98
14.7	17.72	317.5	6.99
14.75	18.59	304.5	7.07
14.8	19.03	319.5	7.08
14.85	19.32	329	7.09
14.9	19.21	323.3	7.09
14.95	19.01	315.8	7.11
15	18.77	310.9	7.13
15.05	18.6	306.5	7.14
15.1	18.14	292.9	7.18
15.15	17.38	286.4	7.2
15.2	15.74	368.7	6.77
15.25	13.35	478.2	6.74
15.3	12.35	295.2	7.37
15.35	10.26	131.3	7.08
15.4	7.37	184.6	7.18
15.45	8.28	280.3	7.17
15.5	8.08	294.9	7.03
15.55	7.88	319.5	7.51
15.6	8.58	437.7	7.67
15.65	10.63	620	7.51
15.7	11.4	795	7.63
15.75	12.52	909.8	7.85	68.2
15.8	15.58	970.2	8.07
15.85	17.36	940.7	8.17
15.9	18.84	814	8.36
15.95	20.92	-32768	8.45	
16	22.65	-32768	8.63	
