File name:	ALC027
Date:	2/1/2001
UTM Grid Zone:	10S
"UTM-X, m:"	565388
"UTM-Y, m:"	4179317
Datum:	1927 NAD
"Elevation, m:"	3
"Total depth, m:"	30
"Water depth, m:"	0.7
City:	Alameda
County:	Alameda
State:	CA
USGS Quadrangle:	Oakland West
Cone No.:	660
Source:	USGS
"Surface horiz. offset (seismic source to CPT), m:"	0.96

Depth (m)	Tip Resistance (MN/m2)	Sleeve Friction (kN/m2)	Inclination (degree)	S-wave travel time (ms)
0.05	44.24	138.8	0.12	
0.1	34.32	307.6	0.06	
0.15	22.3	325.5	0.05	
0.2	17.04	184	0.06	
0.25	16.27	145.5	0.05	
0.3	17.01	150.7	0.04	
0.35	18.79	176.2	0.07	
0.4	20.39	210.6	0.05	
0.45	22.08	238.7	0.06	
0.5	23.16	267.3	0.05	
0.55	24.71	297	0.06	
0.6	25.86	314.8	0.04	
0.65	27.63	346.2	0.04	
0.7	28.85	136.6	0.03	
0.75	29.86	229.4	0.06
0.8	23.04	329	0.03
0.85	27.38	393.3	0.03
0.9	27.77	421.8	0.05
0.95	28.01	393.4	0.04
1	27.51	357.7	0.03
1.05	26.81	313.8	0.03
1.1	25.04	273.6	0.05
1.15	23	269.4	0.03
1.2	21.33	265.4	0.05
1.25	20.03	236.7	0.08
1.3	18.78	206.5	0.05
1.35	17.81	177.1	0.08
1.4	16.48	148.6	0.07
1.45	16.28	140.6	0.06
1.5	15.2	138.4	0.06
1.55	14.02	121.6	0.07	
1.6	13.51	98.1	0.05	
1.65	13.11	90.3	0.1	
1.7	12.87	97.8	0.08	
1.75	11.58	84.7	0.08	6.62
1.8	9.91	73.9	0.09	
1.85	5.39	71.9	0.1	
1.9	8.31	67.8	0.08	
1.95	7.23	67.1	0.09	
2	6.58	58.9	0.1	
2.05	6.04	54.5	0.14	
2.1	5.73	57.4	0.1	
2.15	4.98	63.1	0.13	
2.2	3.71	62.9	0.12	
2.25	3.5	44.3	0.11	
2.3	3.31	33.1	0.2	
2.35	3.05	24.4	0.29
2.4	2.38	30.7	0.12
2.45	1.08	32.1	0.2
2.5	0.59	18.6	0.14
2.55	0.38	6	0.33
2.6	0.93	3.1	0.14
2.65	0.55	2.4	0.1
2.7	0.48	2.7	0.28
2.75	0.29	4	0.2
2.8	0.32	4.1	0.19
2.85	0.28	4.7	0.18
2.9	0.57	7.2	0.21
2.95	5.1	24.6	0.23
3	6.47	49	0.2
3.05	6.52	60.3	0.2
3.1	6.89	65.1	0.22
3.15	8.4	77.2	0.21
3.2	7.49	65.4	0.2
3.25	7.14	71.6	0.22
3.3	7.36	70.7	0.22
3.35	7.54	70.2	0.19
3.4	7.25	76.6	0.18
3.45	6.89	76.4	0.17
3.5	6.19	60.7	0.18
3.55	7.15	55.5	0.18
3.6	7.6	68.6	0.17
3.65	7.5	68.4	0.18
3.7	7.85	73.9	0.17
3.75	7.41	75.1	0.17	23.77
3.8	7.39	58.2	0.18
3.85	7.76	60.1	0.17
3.9	7.35	59.5	0.2
3.95	6.98	51.4	0.16	
4	6.79	54.7	0.19	
4.05	6.98	60	0.21	
4.1	6.7	58.9	0.21	
4.15	7.01	64	0.22	
4.2	7.29	71.4	0.21	
4.25	7.15	71.3	0.19	
4.3	7.67	67.1	0.17	
4.35	8.77	87.5	0.19	
4.4	9.12	85.3	0.16	
4.45	9.15	77.6	0.15	
4.5	9.35	95.1	0.16	
4.55	8.52	98	0.17	
4.6	5.82	83.9	0.17	
4.65	3.15	86.6	0.18	
4.7	1.62	49.7	0.16	
4.75	1.44	49	0.17
4.8	8.78	57.8	0.16
4.85	10.47	71.6	0.18
4.9	10.76	83.2	0.19
4.95	10.54	92.9	0.18
5	11.13	101.6	0.17
5.05	10.65	102.6	0.19
5.1	10.07	93.3	0.19
5.15	9.17	90.8	0.18
5.2	8.13	85.9	0.21
5.25	7.42	82.1	0.21
5.3	7	82.6	0.2
5.35	5.97	75.4	0.21
5.4	5.71	58.3	0.22
5.45	5.2	49.9	0.25
5.5	4.64	42.9	0.2
5.55	6.15	44.8	0.19	
5.6	6.76	51.6	0.18	
5.65	5.76	53.2	0.18	
5.7	3.78	70.1	0.22	
5.75	1.78	53.3	0.23	35.44	
5.8	0.96	20.8	0.17	
5.85	0.77	-0.3	0.2	
5.9	0.95	1.9	0.23	
5.95	0.79	0.9	0.21	
6	0.71	0.6	0.22	
6.05	0.66	3.9	0.2	
6.1	0.48	-0.5	0.25	
6.15	0.55	0.6	0.22	
6.2	0.45	0.7	0.21	
6.25	0.55	0.5	0.29	
6.3	0.63	0	0.24	
6.35	0.57	0.4	0.24
6.4	0.36	0.7	0.26
6.45	0.49	1	0.27
6.5	1.17	2	0.25
6.55	1.1	5.4	0.26
6.6	0.8	6.6	0.24
6.65	1.08	8.9	0.24
6.7	0.83	10.8	0.24
6.75	1.16	8.6	0.26
6.8	0.89	11.4	0.3
6.85	0.86	6.9	0.36
6.9	1.63	6.9	0.37
6.95	1.5	9.7	0.37
7	1.24	12.2	0.37
7.05	1.17	10.5	0.37
7.1	1.14	5.8	0.36
7.15	1.06	7.9	0.37
7.2	0.8	6.4	0.37
7.25	0.98	2.1	0.37
7.3	0.63	1.8	0.38
7.35	0.76	3.2	0.39
7.4	0.65	4.9	0.37
7.45	1.37	21.1	0.39
7.5	1.78	31.6	0.42
7.55	2.05	36.7	0.45
7.6	2.42	34	0.43
7.65	3.04	40.3	0.43
7.7	3.05	46.5	0.45
7.75	4.28	55.8	0.45	50.95
7.8	4.74	63	0.46
7.85	6.05	77.2	0.44
7.9	7.48	98.7	0.46
7.95	7.4	95.2	0.46	
8	6.45	75.8	0.45	
8.05	5.13	61.5	0.46	
8.1	5.02	63.8	0.46	
8.15	5.13	76.1	0.44	
8.2	3.9	72.6	0.47	
8.25	3.14	59.6	0.45	
8.3	3.49	56	0.45	
8.35	4.36	61.2	0.55	
8.4	4	64.9	0.54	
8.45	4.35	66	0.53	
8.5	3.48	74.4	0.55	
8.55	2.41	63.4	0.55	
8.6	1.92	63.9	0.51	
8.65	2.75	51.5	0.52	
8.7	2.78	56.7	0.54	
8.75	5.26	67.3	0.54
8.8	5.87	83.3	0.54
8.85	4.4	79.5	0.53
8.9	3.72	85.5	0.53
8.95	2.61	6.7	0.55
9	1.44	65.8	0.59
9.05	0.67	50.3	0.57
9.1	1.95	54.7	0.72
9.15	2.54	54.3	0.62
9.2	2.74	66.9	0.62
9.25	3.42	58.4	0.65
9.3	6.53	86	0.64
9.35	7.17	105.6	0.68
9.4	11.24	133.7	0.77
9.45	10.95	140.8	0.78
9.5	9.65	127	0.78
9.55	9.24	115	0.78	
9.6	6.51	98.2	0.79	
9.65	5.14	88.2	0.8	
9.7	4.09	91.3	0.9	
9.75	3.89	97.6	0.92	61.88
9.8	3.93	66.7	0.96	
9.85	4.01	70.2	0.96	
9.9	3.47	83	1	
9.95	3.78	60	1.03	
10	2.59	49.2	1.04	
10.05	6	64	0.9	
10.1	8.19	87.8	1.1	
10.15	8.42	86.4	1.1	
10.2	8.02	82.4	1.12	
10.25	6.85	87.2	1.19	
10.3	6.08	93.5	1.23	
10.35	4.75	83.3	1.29
10.4	4.09	70.4	1.3
10.45	3.68	58	1.34
10.5	3.11	47.3	1.39
10.55	2.2	46.8	1.48
10.6	1.82	38	1.5
10.65	1.26	28.1	1.54
10.7	1.67	26.9	1.5
10.75	2.48	31.2	1.6
10.8	2.24	30.6	1.5
10.85	1.75	20.4	1.57
10.9	1.12	9	1.58
10.95	0.91	3.7	1.59
11	0.81	5.6	1.67
11.05	0.88	3	1.67
11.1	0.74	2.7	1.69
11.15	0.69	5	1.72
11.2	0.88	5.2	1.71
11.25	0.85	6.2	1.74
11.3	0.92	6.2	1.75
11.35	0.69	7.1	1.77
11.4	0.84	7.6	1.77
11.45	0.84	7.2	1.81
11.5	0.78	5.1	1.84
11.55	0.82	3.1	1.82
11.6	0.6	2.8	1.85
11.65	0.7	7.2	1.85
11.7	1.17	11.2	1.86
11.75	2.86	25	1.95	75.62
11.8	2.84	37.2	1.94
11.85	2.54	35.9	2.01
11.9	1.99	30.8	2.03
11.95	2.7	31.5	2.01	
12	2.02	37.2	2.03	
12.05	1.44	21.4	2.06	
12.1	1.37	12.9	2.07	
12.15	1.79	8.8	2.09	
12.2	1.28	7	2.1	
12.25	0.99	6.5	2.1	
12.3	0.95	4.8	2.1	
12.35	0.75	4.4	2.12	
12.4	0.84	4.4	2.1	
12.45	0.65	6.3	2.11	
12.5	0.86	8.2	2.2	
12.55	1.05	12	2.21	
12.6	1.05	13.4	2.19	
12.65	1.68	22.4	2.2	
12.7	1.05	19.1	2.19	
12.75	0.77	9	2.22
12.8	0.89	7.1	2.24
12.85	1.01	6.4	2.26
12.9	0.7	6.9	2.27
12.95	0.87	6.1	2.27
13	0.9	9.8	2.29
13.05	0.89	10.2	2.3
13.1	0.82	9.2	2.3
13.15	0.92	10.1	2.29
13.2	0.78	9.4	2.31
13.25	0.91	9.8	2.31
13.3	1.03	11.3	2.32
13.35	0.9	12.7	2.34
13.4	0.89	11.7	2.35
13.45	1.01	12.3	2.34
13.5	1.05	12.4	2.35
13.55	0.86	12.7	2.4	
13.6	0.91	12.8	2.41	
13.65	0.85	11.6	2.47	
13.7	0.87	12.2	2.48	
13.75	1.12	11.2	2.47	89.01
13.8	1	13.3	2.48	
13.85	0.87	12.6	2.49	
13.9	1.03	12.5	2.47	
13.95	0.92	12.3	2.48	
14	1.01	11.7	2.47	
14.05	0.9	11.3	2.53	
14.1	0.85	11.9	2.52	
14.15	0.99	12.2	2.59	
14.2	1.09	13	2.58	
14.25	0.92	14	2.59	
14.3	1.03	11.6	2.59	
14.35	1.05	11.6	2.58
14.4	0.96	10.2	2.58
14.45	1.04	11.2	2.59
14.5	1.05	10.8	2.59
14.55	1.01	12.4	2.59
14.6	0.93	14.2	2.61
14.65	1.02	13.7	2.59
14.7	1.04	12.6	2.59
14.75	0.96	13.1	2.59
14.8	1.12	13.4	2.58
14.85	0.89	14	2.61
14.9	1.05	11.8	2.59
14.95	1.1	13.6	2.59
15	0.89	13.5	2.6
15.05	0.96	13.5	2.59
15.1	0.98	10.5	2.68
15.15	1.13	12.9	2.68
15.2	1.22	17.9	2.68
15.25	0.95	15.1	2.72
15.3	0.92	16.5	2.72
15.35	0.98	6	2.68
15.4	0.96	4.7	2.7
15.45	0.87	5.4	2.71
15.5	0.78	5.3	2.72
15.55	0.97	4.9	2.71
15.6	0.85	5	2.73
15.65	1.04	6.1	2.73
15.7	1.04	6.6	2.74
15.75	1.11	8.3	2.73	105.63
15.8	1.08	14.4	2.8
15.85	1.34	20.2	2.8
15.9	1.44	23.1	2.8
15.95	1.46	26	2.8	
16	1.62	40.7	2.79	
16.05	1.96	66.8	2.8	
16.1	3.43	46.6	2.8	
16.15	5.77	41.4	2.81	
16.2	5.91	54.9	2.85	
16.25	5.87	64.1	2.86	
16.3	5.17	79.5	2.87	
16.35	4.75	111.9	2.9	
16.4	5.9	151.6	2.93	
16.45	9	184.7	2.98	
16.5	11.43	191.7	2.99	
16.55	12.79	125.4	3.01	
16.6	13.44	118.3	3.04	
16.65	14.59	162.5	3.06	
16.7	14.43	203.9	3.13	
16.75	15.08	218.9	3.16
16.8	16.58	233.7	3.2
16.85	18.25	265.4	3.24
16.9	17.78	251.8	3.29
16.95	17.21	193.6	3.31
17	16.05	145.7	3.3
17.05	13.81	133.6	3.29
17.1	9.42	122.6	3.46
17.15	5.55	101.1	3.45
17.2	3.53	58.9	3.23
17.25	2.25	46.3	3.39
17.3	1.8	37.5	3.57
17.35	1.58	40.6	3.57
17.4	1.65	32.4	3.37
17.45	1.78	42.8	3.58
17.5	1.79	38.5	3.52
17.55	2.35	34.6	3.44	
17.6	2.28	34.8	3.45	
17.65	2.13	18.5	3.44	
17.7	2.14	44.2	3.45	
17.75	2.01	26.5	3.45	117.3
17.8	4.27	58.3	3.43	
17.85	7.39	85.6	3.44	
17.9	13.17	134.9	3.48	
17.95	14.93	171.7	3.6	
18	15.6	200.8	3.59	
18.05	16.33	200.2	3.59	
18.1	18.19	180.5	3.57	
18.15	18.97	197.4	3.58	
18.2	17.82	206.1	3.61	
18.25	18.88	184	3.57	
18.3	18.79	182.7	3.6	
18.35	20.2	214.2	3.57
18.4	21.82	240.3	3.6
18.45	23.33	260	3.61
18.5	23.53	263.1	3.6
18.55	23.56	261.7	3.62
18.6	22.83	266	3.62
18.65	22.19	259.6	3.6
18.7	21.99	252.7	3.59
18.75	22.37	254	3.62
18.8	22.5	272.4	3.63
18.85	22.25	286.8	3.78
18.9	22.6	286.4	3.79
18.95	23.64	277.8	3.78
19	24.42	279.5	3.79
19.05	23.96	278	3.81
19.1	22.43	282.6	3.81
19.15	20.74	278.8	3.77
19.2	19.82	270.5	3.79
19.25	22.16	224.3	3.8
19.3	25.53	282.5	3.77
19.35	27.05	335	3.78
19.4	27.72	359.3	3.78
19.45	26.13	354	3.76
19.5	22.9	330.4	3.78
19.55	20.84	292.3	3.76
19.6	16.54	252.1	3.77
19.65	13.63	185.6	3.76
19.7	11.06	135.7	3.75
19.75	10.94	19.1	3.78	122.68
19.8	8.63	14.5	3.79
19.85	5.07	9.2	3.75
19.9	3.84	4.7	3.76
19.95	2.67	63.6	3.69	
20	2.51	79	3.66	
20.05	3.27	31.7	3.48	
20.1	3.75	7.3	3.48	
20.15	3.23	35.3	3.8	
20.2	4.24	31.9	3.76	
20.25	7.72	70.4	3.78	
20.3	12.2	134.3	3.94	
20.35	16.73	188.4	3.93	
20.4	18.31	231.1	3.94	
20.45	18.75	256.9	3.93	
20.5	18.01	264.1	3.96	
20.55	18.21	263.7	4.03	
20.6	20.43	230.6	4.03	
20.65	23.54	281.1	4.06	
20.7	25.1	352	4.11	
20.75	25.77	371.3	4.09
20.8	25.51	352.9	4.11
20.85	25.66	348.9	4.13
20.9	24.38	365.8	4.19
20.95	21.99	342	4.24
21	21.76	342.2	4.24
21.05	19.33	324.6	4.25
21.1	11.9	310.6	4.27
21.15	6.59	218.1	4.31
21.2	3.8	104.6	4.31
21.25	2.89	32.1	4.27
21.3	2.84	13.2	4.23
21.35	1.88	12.7	4.59
21.4	2.17	39.5	4.56
21.45	2.4	63.3	3.99
21.5	2.65	56.8	4.34
21.55	2.28	61.9	4.38	
21.6	2.66	93.8	4.29	
21.65	3.89	64.5	4.77	
21.7	3.45	72.3	4.8	
21.75	3.07	57.4	4.81	131.25	
21.8	3.99	60.5	4.84	
21.85	4.69	51.3	4.86	
21.9	5.5	64	4.84	
21.95	5.14	39.7	4.92	
22	4.11	111.6	4.95	
22.05	2.55	112.4	4.94	
22.1	3.59	124.4	4.95	
22.15	2.88	124.3	4.95	
22.2	5.27	40	4.97	
22.25	5.92	96	5.06	
22.3	4.33	107.6	5.06	
22.35	4.93	117.1	5.16
22.4	5.14	146.9	5.18
22.45	5.73	173	5.21
22.5	6.81	218.2	5.22
22.55	7.14	202.1	5.24
22.6	8.19	203.3	5.23
22.65	7.31	170.5	5.24
22.7	7.31	80.5	5.23
22.75	6.46	83.5	5.32
22.8	4.78	138.1	5.35
22.85	7.18	111.3	5.53
22.9	17.2	178.6	5.69
22.95	10.48	209.6	5.79
23	4.92	158.9	5.87
23.05	3.06	80.4	5.87
23.1	2.93	75.3	5.88
23.15	1.83	51.6	5.95
23.2	3.02	53	5.95
23.25	3.07	61.1	5.94
23.3	3.01	65.3	6.15
23.35	3.02	73.5	6.13
23.4	3.13	68.9	6.14
23.45	3.01	63	6.18
23.5	2.84	56.7	6.19
23.55	3.31	53.4	6.2
23.6	3.09	59.3	6.2
23.65	2.96	58.7	6.38
23.7	2.67	50.5	6.42
23.75	2.83	55	6.43	138.52
23.8	3.35	66.7	6.46
23.85	3.3	78.8	6.5
23.9	3.36	70.6	6.49
23.95	3.13	11.4	6.54	
24	3.44	76.6	6.6	
24.05	1.89	103.9	6.65	
24.1	3.6	117.9	6.64	
24.15	3.5	114.8	6.66	
24.2	3.28	102.2	6.67	
24.25	2.89	87.3	6.69	
24.3	2.72	75.8	6.72	
24.35	2.59	74.2	6.74	
24.4	2.54	68.8	6.73	
24.45	2.47	72.2	6.79	
24.5	2.27	81.9	6.82	
24.55	2.43	94.7	6.81	
24.6	2.3	89	6.84	
24.65	2.34	76	6.85	
24.7	2.18	65.1	6.86	
24.75	2.26	63.2	6.89
24.8	2.28	61.8	6.89
24.85	2.14	64	6.95
24.9	2.2	63.6	6.95
24.95	2.39	64	6.94
25	2.03	53.3	6.99
25.05	2.29	53.8	6.96
25.1	2.69	62.8	6.98
25.15	2.8	61.9	7.01
25.2	2.94	54.1	7.02
25.25	3.16	36.9	7.06
25.3	3.33	43.5	7.07
25.35	3.15	121.5	7.09
25.4	7.84	208.9	7.07
25.45	5.45	237.2	7.17
25.5	5.01	216.1	7.19
25.55	4.6	200.8	7.18	
25.6	3.93	151.1	7.19	
25.65	3.47	120.1	7.22	
25.7	3.39	97.9	7.2	
25.75	2.89	86.2	7.23	145.99
25.8	2.22	61.9	7.32	
25.85	2.39	58.6	7.31	
25.9	2.34	53.2	7.25	
25.95	2.01	53	7.31	
26	2.36	44.5	7.24	
26.05	1.66	35.8	7.56	
26.1	1.46	34.3	7.6	
26.15	1.8	38.3	7.55	
26.2	1.39	39.9	7.61	
26.25	1.45	38.4	7.6	
26.3	2.13	36.7	7.54	
26.35	2.19	39	7.53
26.4	2.26	40.1	7.53
26.45	1.94	40.4	7.55
26.5	1.75	32.9	7.55
26.55	1.64	60	7.6
26.6	2.23	89.5	7.53
26.65	7.84	193.2	7.58
26.7	7.47	276.6	7.57
26.75	8.07	219.6	7.46
26.8	10.22	101.6	7.46
26.85	8.07	147.5	7.5
26.9	3.88	72.6	7.41
26.95	2.25	140.6	7.43
27	4.57	211.6	7.42
27.05	9.1	218.3	7.43
27.1	10.05	226.5	7.46
27.15	9.32	164.8	7.2
27.2	7.87	150.1	7.17
27.25	4.75	124	7.12
27.3	3.32	100.9	7.1
27.35	3.12	79.4	7.06
27.4	2.78	69.1	7.06
27.45	2.58	67.1	7.05
27.5	3.08	70.4	6.99
27.55	2.94	83	7.01
27.6	3.12	91.9	7.05
27.65	3.32	100.8	7.02
27.7	2.83	93.9	7.11
27.75	3.08	81.6	7.09	155.11
27.8	2.86	74.2	7.11
27.85	2.43	72.1	7.13
27.9	2.55	71.6	7.14
27.95	2.5	70.5	7.15	
28	2.61	68.4	7.14	
28.05	2.8	77.5	7.14	
28.1	2.86	91	7.15	
28.15	2.67	40.6	7.18	
28.2	3.16	91.1	7.24	
28.25	2.05	87.1	7.25	
28.3	2.9	87.2	7.25	
28.35	2.91	83.4	7.25	
28.4	2.6	81.7	7.29	
28.45	2.75	81	7.28	
28.5	2.76	68.7	7.28	
28.55	2.65	71.8	7.32	
28.6	2.33	68.2	7.33	
28.65	2.82	74	7.35	
28.7	2.47	76.5	7.38	
28.75	2.7	75	7.37
28.8	2.66	70.1	7.37
28.85	2.53	64.5	7.42
28.9	2.61	60.3	7.43
28.95	2.45	61.2	7.45
29	2.93	72.5	7.44
29.05	2.7	70.8	7.44
29.1	2.59	65.9	7.48
29.15	2.53	63.6	7.49
29.2	2.7	54.1	7.46
29.25	2.43	54.5	7.5
29.3	2.56	59.9	7.48
29.35	3.01	80	7.49
29.4	3.65	140	7.48
29.45	4.19	154	7.49
29.5	6.03	162.4	7.49
29.55	4.62	185.1	7.48	
29.6	4.63	176.5	7.5	
29.65	5.94	181.7	7.5	
29.7	4.79	137.5	7.49	
29.75	3.73	94.9	7.5	163.58
29.8	2.8	62.9	7.56	
29.85	2.54	57.5	7.56	
29.9	2.83	59.7	7.56	
29.95	3.16	-32768	7.56	
30	3.38	-32768	7.56	
