File name	ALC009
Date	12/8/2000
UTM Grid Zone	10S
"UTM-X,m"	563586
"UTM-Y,m"	4182014
Datum:	1927 NAD
"Elev., m"	1.5
"Tot depth, m"	36.5
"Water depth, m"	
City	Alameda
County	Alameda County
State	CA
USGS Quadrangle	Oakland West
Cone No.	660
Source	USGS
"Surface horiz. offset (seismic source to CPT), m:"	0.96

Depth (m)	Tip Resistance (MN/m2)	Sleeve Friction (kN/m2)	Inclination (degree)	Travel time (ms)
0.05	11.95	317.8	0.04	
0.1	77.81	440.7	0.24	
0.15	50.57	567.8	0.21	
0.2	38.46	380.3	0.31	
0.25	34.67	252.9	0.35	
0.3	30.7	234.6	0.35	
0.35	24.99	265.2	0.31	
0.4	20.16	252.7	0.33	
0.45	16.75	287.2	0.32	
0.5	14.86	333.5	0.29	
0.55	17.54	244.7	0.29	
0.6	31.35	402.1	0.31	
0.65	24.24	744	0.33	
0.7	29.73	641.5	0.19	
0.75	13.74	427.8	0.12
0.8	7.89	248.7	0.1
0.85	8.95	191.8	0.1
0.9	7.1	172.6	0.1
0.95	7	151.9	0.1
1	6.65	156.6	0.08
1.05	4.83	139.7	0.08
1.1	3.2	100.8	0.09
1.15	1.8	56.3	0.06
1.2	2.6	41.2	0.09
1.25	4.25	52	0.06
1.3	3.45	58.6	0.09
1.35	2.21	68.2	0.07
1.4	1.12	49.9	0.07
1.45	0.61	32.2	0.09
1.5	0.82	24	0.08
1.55	1.17	32.9	0.09	
1.6	0.96	32.8	0.08	
1.65	0.5	23	0.07	
1.7	0.41	30.8	0.08	
1.75	3.05	34.7	0.09	9.35	
1.8	2.39	35.8	0.09	
1.85	0.7	25.6	0.08	
1.9	0.12	17.9	0.07	
1.95	0.14	9.6	0.06	
2	0.13	16	0.08	
2.05	0.41	25.4	0.09	
2.1	0.98	28.9	0.09	
2.15	0.6	30	0.1	
2.2	0.73	23.2	0.08	
2.25	0.4	18.3	0.08	
2.3	0.2	15.5	0.08	
2.35	0.25	13.7	0.09
2.4	0.08	7.5	0.1
2.45	0.21	7	0.07
2.5	0.23	7.6	0.09
2.55	0.27	8.3	0.07
2.6	0.33	6.3	0.07
2.65	0.18	7.7	0.09
2.7	0.34	7.7	0.1
2.75	0.24	7.1	0.09
2.8	0.24	7.1	0.08
2.85	0.08	7.2	0.08
2.9	0.26	8.5	0.1
2.95	0.19	7.2	0.09
3	0.08	7	0.08
3.05	0.13	7.3	0.08
3.1	0.17	6.7	0.08
3.15	0.18	5.5	0.08
3.2	0.15	6.2	0.08
3.25	0.15	6.1	0.1
3.3	0.25	5.3	0.08
3.35	0.2	5.6	0.08
3.4	0.11	4.1	0.1
3.45	0.19	6.6	0.09
3.5	0.31	5.9	0.09
3.55	0.33	6.6	0.1
3.6	0.24	6.4	0.09
3.65	0.26	6.9	0.11
3.7	0.22	5.7	0.11
3.75	0.32	6.2	0.11	28.86
3.8	0.3	4.5	0.09
3.85	0.35	5.9	0.08
3.9	0.13	4.7	0.09
3.95	0.28	5.1	0.08	
4	0.24	4.1	0.08
4.05	0.18	5.2	0.08	
4.1	0.19	5.6	0.08	
4.15	0.17	4.1	0.08	
4.2	0.25	6.5	0.08	
4.25	0.28	4.1	0.09	
4.3	0.29	4.4	0.1	
4.35	0.33	5.8	0.1	
4.4	0.52	5.4	0.08	
4.45	0.5	7.3	0.08	
4.5	0.37	7.7	0.08	
4.55	0.35	5.8	0.07	
4.6	0.49	6.6	0.07	
4.65	0.34	5.6	0.08	
4.7	0.31	6.9	0.09	
4.75	0.38	8.6	0.09
4.8	0.44	10	0.08
4.85	0.44	13.2	0.1
4.9	0.62	11.2	0.06
4.95	0.48	9.5	0.13
5	0.42	8.3	0.1
5.05	0.35	7.6	0.12
5.1	0.32	6.6	0.11
5.15	0.29	6.4	0.11
5.2	0.31	7.8	0.11
5.25	0.39	8.2	0.12
5.3	0.35	8.4	0.13
5.35	0.52	9.1	0.1
5.4	0.43	8.7	0.09
5.45	0.43	10.1	0.09
5.5	0.67	10.4	0.08
5.55	0.46	9.4	0.09	
5.6	0.44	8.2	0.1	
5.65	0.47	7.5	0.09	
5.7	0.43	8.7	0.08	
5.75	0.49	6.8	0.08	52.65
5.8	0.44	6.8	0.09	
5.85	0.5	4.6	0.09	
5.9	0.44	5.4	0.07	
5.95	0.37	7.3	0.09	
6	0.42	6.4	0.1	
6.05	0.36	6.5	0.12	
6.1	0.33	7.2	0.11	
6.15	0.55	5.5	0.09	
6.2	0.45	6	0.11	
6.25	0.4	5.8	0.1	
6.3	0.35	6.3	0.1	
6.35	0.37	7.2	0.08
6.4	0.46	5.6	0.1
6.45	0.49	5.4	0.1
6.5	0.35	5.3	0.11
6.55	0.48	6.9	0.11
6.6	0.42	5.4	0.1
6.65	0.48	6	0.11
6.7	0.28	4.7	0.11
6.75	0.44	5	0.09
6.8	0.31	5.7	0.11
6.85	0.31	5.9	0.1
6.9	0.44	5.6	0.1
6.95	0.52	5.2	0.09
7	0.4	4.6	0.12
7.05	0.37	5.7	0.11
7.1	0.42	4	0.1
7.15	0.49	5.9	0.11
7.2	0.45	5.5	0.11
7.25	0.48	4.5	0.13
7.3	0.5	4.7	0.12
7.35	0.56	6	0.11
7.4	0.41	4.8	0.14
7.45	0.45	6.4	0.14
7.5	0.56	5.7	0.13
7.55	0.43	5.4	0.12
7.6	0.46	4.9	0.14
7.65	0.38	5.6	0.12
7.7	0.44	5.7	0.12
7.75	0.4	5.3	0.13	75.94
7.8	0.54	6	0.12
7.85	0.53	4.9	0.1
7.9	0.53	6	0.11
7.95	0.49	7.1	0.11	
8	0.5	6.5	0.1	
8.05	0.57	7	0.11	
8.1	0.58	4.9	0.11	
8.15	0.53	5.6	0.12	
8.2	0.47	5.6	0.11	
8.25	0.41	6.7	0.13	
8.3	0.54	7.3	0.11	
8.35	0.58	6.2	0.13	
8.4	0.4	5.6	0.13	
8.45	0.61	5.9	0.11	
8.5	0.53	6.1	0.1	
8.55	0.46	6.8	0.12	
8.6	0.45	6.6	0.12	
8.65	0.37	5.8	0.12	
8.7	0.45	5.4	0.11	
8.75	0.5	5.2	0.12
8.8	0.5	6	0.12
8.85	0.44	5.2	0.11
8.9	0.49	6.7	0.13
8.95	0.48	6.1	0.12
9	0.52	5.9	0.13
9.05	0.44	5.7	0.12
9.1	0.46	7	0.12
9.15	0.56	5	0.13
9.2	0.54	6	0.12
9.25	0.44	5.3	0.09
9.3	0.58	5.5	0.11
9.35	0.66	6.2	0.11
9.4	0.6	6.1	0.1
9.45	0.6	6.6	0.12
9.5	0.51	6.3	0.12
9.55	0.62	6.1	0.11	
9.6	0.57	7	0.1	
9.65	0.52	5.7	0.12	
9.7	0.58	5.8	0.11	
9.75	0.47	5.7	0.12	97.99	
9.8	0.59	5.4	0.11	
9.85	0.52	4.7	0.12	
9.9	0.5	6	0.11	
9.95	0.57	6.4	0.09	
10	0.5	7.2	0.12	
10.05	0.49	5.6	0.13	
10.1	0.52	5.8	0.11	
10.15	0.52	6.2	0.11	
10.2	0.51	5.3	0.12	
10.25	0.64	5.8	0.12	
10.3	0.51	5.9	0.11	
10.35	0.56	6.5	0.12
10.4	0.64	6.1	0.1
10.45	0.48	6.3	0.12
10.5	0.52	5.9	0.12
10.55	0.57	6.2	0.12
10.6	0.62	6.1	0.11
10.65	0.43	8.5	0.14
10.7	0.57	8.6	0.13
10.75	0.92	10.6	0.12
10.8	1.2	12.8	0.12
10.85	2.21	25.7	0.16
10.9	2.28	26.7	0.18
10.95	3.21	25.9	0.17
11	3.36	41.9	0.15
11.05	2.79	58.5	0.16
11.1	2.01	48.6	0.15
11.15	6.22	61.1	0.12
11.2	8.99	81.9	0.13
11.25	8.67	76.4	0.13
11.3	9.33	77.2	0.13
11.35	9.29	113.7	0.13
11.4	6.8	118.2	0.15
11.45	4.39	82.3	0.17
11.5	5.82	58.3	0.12
11.55	7.33	53	0.13
11.6	6.25	68.9	0.11
11.65	5.37	47.1	0.13
11.7	6.35	62.4	0.1
11.75	3.68	75.8	0.11	112.8
11.8	1.52	59.8	0.1
11.85	0.79	29.3	0.12
11.9	0.77	9.6	0.12
11.95	0.91	9.1	0.1	
12	0.71	8.2	0.11	
12.05	0.75	8.1	0.1	
12.1	0.73	6.8	0.1	
12.15	0.69	6.7	0.1	
12.2	0.6	7.1	0.11	
12.25	0.54	7.1	0.1	
12.3	0.65	7.5	0.1	
12.35	0.75	7.9	0.1	
12.4	0.79	10	0.11	
12.45	0.65	7	0.11	
12.5	0.8	7.5	0.1	
12.55	0.7	5.9	0.11	
12.6	0.67	10	0.1	
12.65	0.8	12.5	0.11	
12.7	1.85	28.4	0.12	
12.75	0.94	22.9	0.13
12.8	0.72	11.2	0.12
12.85	0.73	7	0.1
12.9	0.75	8.3	0.09
12.95	0.6	6.4	0.12
13	0.46	8.9	0.12
13.05	0.78	46.3	0.09
13.1	2.2	66.2	0.14
13.15	2.65	85.2	0.13
13.2	2.3	87.7	0.14
13.25	2.32	84.8	0.16
13.3	2.6	116.1	0.15
13.35	4.41	160	0.16
13.4	7.95	236.6	0.15
13.45	11.16	301.4	0.16
13.5	13.23	356.6	0.18
13.55	13.5	333.6	0.14	
13.6	12.5	387.6	0.11	
13.65	14.09	521.1	0.13	
13.7	22	872.3	0.13	
13.75	21.98	894.7	0.07	126.25	
13.8	23.78	798.8	0.07	
13.85	30.38	626.6	0.08	
13.9	33.67	632.7	0.08	
13.95	33.22	579.5	0.07	
14	31.68	495.9	0.1	
14.05	26.05	680.6	0.08	
14.1	30.09	806.9	0.08	
14.15	23.04	722.9	0.08	
14.2	18.91	559.7	0.09	
14.25	15.89	386.4	0.06	
14.3	14.77	308.8	0.07	
14.35	15.16	310.1	0.06
14.4	15.24	313.9	0.08
14.45	14.38	326.9	0.08
14.5	10.28	302.4	0.06
14.55	6.06	235.1	0.06
14.6	4.97	216.1	0.04
14.65	5.29	206.5	0.07
14.7	8.74	226.9	0.04
14.75	10.31	258.6	0.08
14.8	9.9	325.1	0.07
14.85	13.17	315.9	0.03
14.9	16.55	162.7	0.05
14.95	20.25	212.6	0.06
15	24.05	214.4	0.03
15.05	27.56	269.3	0.06
15.1	29.86	334.9	0.03
15.15	33.43	429.6	0.04
15.2	36.01	473.2	0.05
15.25	38.31	526.6	0.04
15.3	38.75	547.6	0.06
15.35	38.48	587.8	0.03
15.4	36.44	595	0.05
15.45	35.89	527.7	0.06
15.5	36.69	472.5	0.05
15.55	36.8	455.7	0.03
15.6	36.27	447	0.07
15.65	35.55	447.5	0.06
15.7	32.71	443.7	0.03
15.75	32.89	368.1	0.05
15.8	33.94	330.8	0.06	131.85
15.85	32.78	368	0.05
15.9	30.69	371.5	0.05
15.95	28.98	353.3	0.03	
16	29.03	343.3	0.04	
16.05	26.36	288.5	0.06
16.1	29.94	298.6	0.03	
16.15	31.64	346.2	0.04	
16.2	34.26	394.2	0.02	
16.25	37.01	428.9	0.01	
16.3	37.34	451.6	0.04	
16.35	38.25	465.6	0.04	
16.4	40.17	524.9	0.05	
16.45	40.73	589.6	0.04	
16.5	39.81	605.7	0.03	
16.55	38.82	602.7	0.06	
16.6	40.09	585.9	0.07	
16.65	41.1	582.7	0.03	
16.7	40.63	575.7	0.06	
16.75	39.43	531.6	0.03
16.8	37.19	485	0.06
16.85	33.89	473.1	0.04
16.9	30.14	432.2	0.03
16.95	27.05	382.8	0.02
17	24.83	304.6	0.02
17.05	22.36	200.9	0.04
17.1	21.48	192.8	0.06
17.15	25.85	256.2	0.02
17.2	31.16	245.1	0.04
17.25	35.95	330.1	0.03
17.3	34.21	434	0.05
17.35	38.53	512.1	0.05
17.4	37.21	539.2	0.01
17.45	34.37	520.7	0.04
17.5	31.99	531.2	0.03
17.55	32.21	529.1	0.03	
17.6	33.9	473.5	0.02	
17.65	35.28	501.7	0.04	
17.7	37.11	556.3	0.03	
17.75	38.05	560.5	0.03	137.64	
17.8	38.76	589.1	0.06	
17.85	39.77	635.1	0.06	
17.9	41.15	602.1	0.05	
17.95	42.15	585	0.05	
18	44.15	528	0.03	
18.05	44	517.6	0.05	
18.1	44.15	548.8	0.04	
18.15	44.09	538.6	0.03	
18.2	44.83	664.4	0.06	
18.25	42.14	788.1	0.05	
18.3	42.98	739.1	0.05	
18.35	33.83	781.6	0.04
18.4	20.03	717.3	0.02
18.45	12.68	664.2	0.07
18.5	12.39	521.8	0.07
18.55	11.34	443.7	0.05
18.6	13.12	426.7	0.05
18.65	7.56	255.3	0.02
18.7	4.76	197.7	0.06
18.75	4.2	178.6	0.02
18.8	3	165	0.04
18.85	2.68	108	0.02
18.9	2.66	102.4	0.01
18.95	2.29	91.2	0.05
19	2.5	90.1	0.05
19.05	2.37	83	0.04
19.1	2.45	82.2	0.04
19.15	2.36	84.2	0.05
19.2	2.35	89.4	0.05
19.25	2.14	86.7	0.03
19.3	1.96	78.6	0.04
19.35	2.06	76.6	0.03
19.4	2.06	80.6	0.03
19.45	2.07	87.8	0.03
19.5	1.98	86.7	0.05
19.55	2.4	94.5	0.06
19.6	2.38	103.7	0.05
19.65	2.39	104.9	0.05
19.7	2.77	108.8	0.04
19.75	2.99	110.9	0.05	142.84
19.8	3.05	116.7	0.05
19.85	3.05	122.1	0.05
19.9	2.8	235.3	0.05
19.95	9.43	265.8	0.03	
20	13.24	422.2	0.05
20.05	14.29	520.8	0.05	
20.1	10.55	470.4	0.07	
20.15	9.97	470.1	0.06	
20.2	10.76	482.8	0.06	
20.25	12.41	535.8	0.06	
20.3	13.47	618.7	0.07	
20.35	15.06	677	0.07	
20.4	19.79	725.5	0.07	
20.45	23.55	713	0.07	
20.5	24.05	723.5	0.09	
20.55	22.59	758.9	0.11	
20.6	22.49	758.7	0.11	
20.65	22.82	690.6	0.14	
20.7	23.34	650.6	0.13	
20.75	23.28	554.7	0.13
20.8	23.44	407	0.12
20.85	23.24	340.4	0.13
20.9	23.88	260.3	0.14
20.95	24.65	227.6	0.14
21	24.98	209.6	0.14
21.05	24.05	229.3	0.19
21.1	22.03	262.5	0.2
21.15	22.29	239.9	0.17
21.2	22.34	271.1	0.17
21.25	20.35	284.6	0.21
21.3	18.62	331.7	0.18
21.35	16.41	318.9	0.2
21.4	13.71	404.6	0.21
21.45	11.68	490.1	0.22
21.5	12.65	426.1	0.22
21.55	13.74	305	0.22	
21.6	13.24	332.5	0.27	
21.65	11.35	431.7	0.28	
21.7	9.94	484.7	0.26	
21.75	9.19	454.3	0.3	149.54
21.8	9.38	443.5	0.33	
21.85	9.32	402.1	0.32	
21.9	8.16	288.8	0.34	
21.95	6.27	390.6	0.35	
22	5.06	316.8	0.35	
22.05	5.75	244.4	0.37	
22.1	4.99	213.3	0.41	
22.15	5.52	281.9	0.41	
22.2	7.45	410.2	0.43	
22.25	11.02	579	0.42	
22.3	14.08	661.4	0.52	
22.35	17.58	643.8	0.52
22.4	20.81	570.8	0.56
22.45	23.78	519.7	0.54
22.5	26.09	490.9	0.57
22.55	27.51	463.6	0.56
22.6	27.27	437.5	0.58
22.65	26.15	469	0.59
22.7	23.09	576.9	0.58
22.75	18.92	656.2	0.58
22.8	17.38	645.8	0.6
22.85	16.91	573.8	0.58
22.9	17.06	483.9	0.61
22.95	17.33	386.5	0.6
23	17.09	392.7	0.62
23.05	17.65	436.9	0.7
23.1	19.01	512.3	0.7
23.15	20.19	539.6	0.69
23.2	21.6	400	0.71
23.25	23.51	361.7	0.75
23.3	24.5	427.7	0.72
23.35	25.48	428.8	0.75
23.4	27.69	325.4	0.73
23.45	29.63	441.1	0.79
23.5	29.19	470.7	0.79
23.55	31.14	499.2	0.78
23.6	31.33	501.3	0.83
23.65	31.69	512.1	0.83
23.7	31.86	494.7	0.83
23.75	31.65	474.2	0.88	155.26
23.8	29.6	457.5	0.88
23.85	26.32	464.8	0.88
23.9	25.2	486.9	0.92
23.95	26	276.7	0.93	
24	19.44	292.5	0.92
24.05	8.49	341	0.96	
24.1	10.8	334.1	0.94	
24.15	8.21	296.8	0.94	
24.2	4.32	188.1	1.24	
24.25	3.14	113.4	0.91	
24.3	2.83	96.8	0.93	
24.35	2.63	107	1.06	
24.4	2.58	90.7	1.09	
24.45	2.14	76.1	1.12	
24.5	2.4	61.9	1.13	
24.55	2.47	60.9	1.13	
24.6	2.16	55.2	1.16	
24.65	2.28	54.4	1.17	
24.7	2.14	48.7	1.18	
24.75	2.44	46.6	1.26
24.8	1.98	46.1	1.29
24.85	2.09	52.3	1.26
24.9	2.69	112.6	1.33
24.95	6.16	119.9	1.33
25	2.74	90.6	1.34
25.05	2.84	70	1.4
25.1	3.33	198.4	1.41
25.15	6.3	326.5	1.48
25.2	7.29	362.4	1.53
25.25	7.68	331.3	1.58
25.3	7.97	266.5	1.56
25.35	5.67	266.8	1.6
25.4	6.05	134.1	1.61
25.45	5.14	101.6	1.62
25.5	3.4	112.5	1.63
25.55	4.1	133.8	1.65	
25.6	3.97	201.2	1.66	
25.65	5.85	192.9	1.68	
25.7	7.04	263.4	1.67	
25.75	7.01	337.4	1.68	161.94	
25.8	9.38	404	1.67	
25.85	11.49	366	1.68	
25.9	14.79	246.5	1.83	
25.95	15.46	136.9	1.87	
26	13.31	92.5	1.86	
26.05	10.32	114.8	1.86	
26.1	6.02	136.2	1.87	
26.15	3.84	150.3	1.9	
26.2	4.13	150.2	1.92	
26.25	5.76	156.3	2.02	
26.3	5.35	190.5	2.05	
26.35	4.38	161	2.07
26.4	4.1	158	2.07
26.45	3.47	158.1	2.06
26.5	4.71	123.7	2.08
26.55	3.84	111.6	2.08
26.6	2.96	76.8	2.09
26.65	3.02	67.8	2.19
26.7	3.42	75.7	2.22
26.75	3.24	72.5	2.26
26.8	2.51	56	2.29
26.85	2.49	44.5	2.33
26.9	2.36	47.1	2.35
26.95	2.63	43.1	2.34
27	2.33	36.5	2.34
27.05	2.26	34.3	2.35
27.1	2.07	36.1	2.34
27.15	1.97	33.8	2.35
27.2	2.08	31.9	2.39
27.25	2.2	29.6	2.41
27.3	2.22	31.6	2.41
27.35	2.18	30	2.41
27.4	2.19	36.4	2.4
27.45	2.18	32.8	2.41
27.5	2.08	31.3	2.47
27.55	2.09	33.5	2.48
27.6	2.12	30.8	2.49
27.65	2	28.1	2.5
27.7	1.85	25.3	2.54
27.75	1.91	27.1	2.56	170.56
27.8	1.89	29.6	2.55
27.85	1.97	32.4	2.56
27.9	2.17	32.1	2.55
27.95	2.06	40.9	2.57	
28	2.14	37.3	2.57	
28.05	2.17	33.8	2.59	
28.1	2.1	29.8	2.59	
28.15	2.14	31	2.61	
28.2	2.06	29	2.63	
28.25	2.02	28.4	2.64	
28.3	2.25	28.2	2.68	
28.35	2.48	29	2.69	
28.4	2.87	36.3	2.7	
28.45	2.83	37	2.69	
28.5	2.78	38.4	2.75	
28.55	2.42	39.3	2.75	
28.6	2.35	34.1	2.75	
28.65	2.4	31.4	2.76	
28.7	2.25	35.8	2.81	
28.75	2.28	28.8	2.83
28.8	2.49	24.4	2.82
28.85	2.23	23.9	2.85
28.9	2.19	29.4	2.87
28.95	2.36	42.2	2.87
29	3.02	33.7	2.86
29.05	2.73	34.9	2.9
29.1	3.01	38.7	2.97
29.15	3.03	67	2.97
29.2	3.81	82.9	3.01
29.25	7.2	107.9	3.01
29.3	6.87	74	3.05
29.35	6.75	66.5	3.07
29.4	3.5	70	3.15
29.45	3.21	61.9	3.16
29.5	3.12	55.6	3.27
29.55	3.55	62	3.27	
29.6	3.75	78.6	3.27	
29.65	3.4	115.2	3.28	
29.7	4.36	152.3	3.28	
29.75	4.82	122.8	3.28	178.45	
29.8	3.87	135	3.31	
29.85	3.68	116.2	3.39	
29.9	3.81	111.7	3.39	
29.95	2.95	150.3	3.44	
30	2.31	102.1	3.49	
30.05	2.59	87.5	3.49	
30.1	2.33	83.4	3.49	
30.15	2.23	63.4	3.48	
30.2	2.27	92.1	3.48	
30.25	3.38	191.4	3.45	
30.3	5.03	286.5	3.4	
30.35	6.92	289.3	3.4
30.4	7.7	389.5	3.36
30.45	7.08	519.6	3.28
30.5	10.13	520.3	3.29
30.55	8.59	441.8	3.27
30.6	7.54	355.2	3.27
30.65	8.76	251.9	3.08
30.7	4.86	138.7	3.07
30.75	2.9	95.3	3.08
30.8	3.11	67.5	3.06
30.85	3.04	72.4	3.05
30.9	2.85	67.7	3.05
30.95	2.78	65.3	3.05
31	2.91	66.4	3.08
31.05	2.84	70.5	3.07
31.1	2.93	69.9	3.11
31.15	2.88	73.7	3.11
31.2	2.83	67.9	3.1
31.25	2.73	63.1	3.1
31.3	2.46	50.7	3.12
31.35	2.62	54.6	3.12
31.4	2.64	57.7	3.11
31.45	2.44	48.3	3.1
31.5	2.34	40.6	3.08
31.55	2.41	45.3	3.06
31.6	2.61	47.3	3.05
31.65	2.69	51.4	3.05
31.7	2.66	59.6	3.08
31.75	3.09	64.5	3.06	186.8
31.8	3.06	69.8	3.06
31.85	3.31	77.4	3.03
31.9	2.97	67.9	3.04
31.95	2.6	62.1	3.06	
32	2.74	52.6	3.06	
32.05	2.67	53	3.08	
32.1	2.62	53.5	3.07	
32.15	2.44	49	3.07	
32.2	2.13	39	3.08	
32.25	2.27	36.4	3.07	
32.3	2.19	35.2	3.08	
32.35	2.26	36	3.07	
32.4	2.24	37.1	3.07	
32.45	2.2	37.4	3.08	
32.5	2.11	37.2	3.09	
32.55	2.25	33.6	3.07	
32.6	2.08	33.3	3.08	
32.65	2.14	30.9	3.07	
32.7	2.29	31.7	3.08	
32.75	2.4	34.3	3.06
32.8	2.66	41.4	3.06
32.85	3.17	60.2	3.09
32.9	10.38	98.7	3.06
32.95	7.79	89.9	3.09
33	5.13	90.8	3.05
33.05	3.86	79.1	3.08
33.1	4.5	73.5	3.08
33.15	3.79	58.3	3.07
33.2	3.11	51.8	3.08
33.25	2.6	42.5	3.07
33.3	2.45	37.6	3.09
33.35	2.34	38.6	3.09
33.4	2.4	38.7	3.09
33.45	2.44	43.2	3.08
33.5	2.45	40.7	3.08
33.55	2.3	39.9	3.1	
33.6	2.14	39.8	3.11	
33.65	2.32	39.5	3.08	
33.7	2.32	40.7	3.08	
33.75	2.26	41.4	3.11	194.82
33.8	2.6	37.8	3.05	
33.85	2.35	39.6	3.1	
33.9	2.35	37.3	3.07	
33.95	2.22	48	3.11	
34	2.21	48.6	3.09	
34.05	2.64	49.5	3.08	
34.1	2.74	46.1	3.08	
34.15	2.53	46.1	3.11	
34.2	2.6	44.9	3.09	
34.25	2.44	43	3.11	
34.3	2.58	39.3	3.1	
34.35	2.55	33	3.09
34.4	2.58	39.6	3.08
34.45	2.63	35.8	3.1
34.5	2.82	36.7	3.09
34.55	2.41	34.9	3.09
34.6	2.27	31.1	3.1
34.65	2.26	29.3	3.11
34.7	2.28	30.2	3.09
34.75	2.2	30.1	3.1
34.8	2.39	30.7	3.12
34.85	2.59	24.8	3.11
34.9	2.49	23.7	3.1
34.95	2.61	54.5	3.08
35	3.39	70.9	3.12
35.05	2.74	85.1	3.11
35.1	2.7	45.2	3.09
35.15	2.63	45.6	3.1
35.2	2.64	44.2	3.09
35.25	2.55	45.1	3.09
35.3	2.66	47	3.09
35.35	2.45	45.6	3.11
35.4	2.69	21.8	3.1
35.45	2.54	51.6	3.11
35.5	2.08	45.1	3.1
35.55	2.67	46.5	3.12
35.6	2.53	44.3	3.12
35.65	2.66	43.4	3.11
35.7	2.54	49.4	3.12
35.75	2.46	48.3	3.12	203.74
35.8	2.92	54.3	3.1
35.85	2.56	54.1	3.11
35.9	2.99	58.5	3.08
35.95	2.77	59.6	3.1	
36	2.79	54.4	3.11	
36.05	2.57	55.8	3.11	
36.1	2.79	51.1	3.1	
36.15	2.9	51.1	3.09	
36.2	2.94	52.7	3.1	
36.25	2.9	48.2	3.11	205.97
36.3	2.74	49.8	4.67	
36.35	2.66	49.1	4.56	
36.4	2.64	50.7	4.47	
36.45	2.87	-32768	4.44	
36.5	2.6	-32768	4.48	
