File name:	ALC011
Date:	12/8/2000
UTM Grid Zone:	10S
"UTM-X, m:"	562755
"UTM-Y, m:"	4182343
Datum:	1927 NAD
"Elevation, m:"	1.5
"Total depth, m:"	32
"Water depth, m:"	
City:	Alameda
County:	Alameda
State:	CA
USGS Quadrangle:	Oakland West
Cone No.:	660
Source:	USGS
"Surface horiz. offset (seismic source to CPT), m:"	0.96

Depth (m)	Tip Resistance (MN/m2)	Sleeve Friction (kN/m2)	Inclination (degree)	S-wave travel time (ms)
0.05	39.98	164	0.03	
0.1	38.09	221.2	0.03	
0.15	17.07	280.2	0.05	
0.2	13.09	275	0.04	
0.25	13.06	309.9	0.06	
0.3	15.56	219.8	0.03	
0.35	14.14	220.1	0.05	
0.4	18.08	245.6	0.04	
0.45	11.32	203.5	0.07	
0.5	9.3	143.8	0.08	
0.55	6.55	148.4	0.11	
0.6	2.49	82.4	0.12	
0.65	1.12	63.3	0.17	
0.7	1.9	37.3	0.16	
0.75	1.25	27.8	0.15
0.8	0.94	18.5	0.19
0.85	0.7	15.3	0.15
0.9	0.76	15.5	0.14
0.95	1.08	17.9	0.14
1	0.63	15.8	0.14
1.05	0.5	10.3	0.13
1.1	0.34	6.4	0.14
1.15	0.31	3.4	0.13
1.2	0.27	0.5	0.14
1.25	0.15	3	0.14
1.3	0.28	13.6	0.14
1.35	0.36	14.4	0.23
1.4	0.3	13.1	0.25
1.45	0.25	12.1	0.24
1.5	0.29	11.7	0.25
1.55	0.33	10.7	0.26	
1.6	0.27	8.8	0.28	
1.65	0.35	5.1	0.27	
1.7	0.29	5.8	0.26	
1.75	0.15	2.8	0.27	12.57	
1.8	0.12	1.1	0.29	
1.85	0.06	2	0.31	
1.9	0.05	5.3	0.33	
1.95	3.06	17	0.32	
2	4.24	24	0.32	
2.05	4.25	28.9	0.32	
2.1	4.3	32.2	0.31	
2.15	3.84	33.6	0.33	
2.2	3.45	28.4	0.33	
2.25	3.2	25	0.33	
2.3	2.07	26.8	0.32	
2.35	1.22	28.7	0.41
2.4	0.46	16.6	0.42
2.45	0.33	8.4	0.39
2.5	0.21	5.1	0.4
2.55	0.23	5.6	0.4
2.6	0.17	10.4	0.41
2.65	0.27	11.5	0.41
2.7	2.38	14.5	0.42
2.75	3.37	22.2	0.42
2.8	3.94	27.7	0.46
2.85	4.22	30.3	0.44
2.9	4.45	31.5	0.44
2.95	4.5	33.4	0.46
3	5.09	37.8	0.45
3.05	5.24	38.5	0.44
3.1	4.98	39.3	0.45
3.15	4.7	36.7	0.48
3.2	4.57	33.3	0.48
3.25	4.67	31.9	0.51
3.3	5.32	39.2	0.51
3.35	5.24	39.7	0.5
3.4	4.95	42.2	0.52
3.45	4.79	45.4	0.51
3.5	4.31	35	0.51
3.55	3.97	31.3	0.51
3.6	3.96	29.2	0.52
3.65	3.5	29.9	0.51
3.7	2.81	38.5	0.52
3.75	1.77	25.5	0.51	30.04
3.8	0.8	15.2	0.53
3.85	3.23	22.6	0.55
3.9	1.87	35.8	0.55
3.95	0.83	26.1	0.55	
4	0.49	17.8	0.58
4.05	0.11	8.1	0.58	
4.1	0.05	2.9	0.6	
4.15	0.26	2.8	0.58	
4.2	0.12	1.4	0.58	
4.25	0.31	4.4	0.58	
4.3	0.22	6.9	0.58	
4.35	0.17	7.8	0.59	
4.4	0.16	8.6	0.6	
4.45	0.21	7.3	0.59	
4.5	0.25	9.8	0.59	
4.55	0.22	10	0.59	
4.6	0.42	9.4	0.59	
4.65	0.4	8.7	0.6	
4.7	0.4	10.1	0.62	
4.75	0.28	5.7	0.62
4.8	0.67	6.8	0.61
4.85	0.14	6.2	0.65
4.9	0.39	7.6	0.64
4.95	0.17	6.4	0.65
5	0.21	7.4	0.65
5.05	0.07	6.6	0.65
5.1	0.4	7.9	0.64
5.15	0.33	9.1	0.65
5.2	0.12	6.8	0.68
5.25	0.3	5.9	0.68
5.3	0.09	8	0.69
5.35	0.31	6.6	0.68
5.4	0.43	6.6	0.67
5.45	0.22	4.4	0.67
5.5	0.12	2.6	0.68
5.55	-0.03	3.1	0.69	
5.6	0.07	4.4	0.69	
5.65	0.17	3.4	0.7	
5.7	0.29	1.8	0.69	
5.75	0.17	1.4	0.69	51.9	
5.8	0.07	2.3	0.69	
5.85	0.01	2	0.71	
5.9	0.26	2.1	0.76	
5.95	0.16	1.1	0.78	
6	0.22	3.3	0.76	
6.05	0.08	3.2	0.77	
6.1	0.25	1.5	0.78	
6.15	0.3	2.7	0.77	
6.2	0.15	3	0.77	
6.25	0.37	0.8	0.76	
6.3	0.29	1.7	0.76	
6.35	0.13	3.4	0.77
6.4	0.17	2.5	0.76
6.45	0.35	2.1	0.77
6.5	0.21	3.9	0.77
6.55	0.15	3.5	0.77
6.6	0.33	2.2	0.78
6.65	0.36	2.4	0.78
6.7	0.08	4.7	0.78
6.75	0.13	4.3	0.78
6.8	0.43	3.7	0.78
6.85	0.36	4.3	0.78
6.9	0.18	1.2	0.81
6.95	0.43	2.5	0.81
7	0.09	2.9	0.8
7.05	0.31	3.8	0.81
7.1	0.16	2.6	0.81
7.15	0.29	3.7	0.81
7.2	0.2	3.7	0.81
7.25	0.31	4.1	0.82
7.3	0.2	3.1	0.81
7.35	0.22	2.4	0.81
7.4	0.23	2.6	0.81
7.45	0.21	3.4	0.82
7.5	0.06	3.4	0.84
7.55	0.19	3.8	0.84
7.6	0.21	4.6	0.84
7.65	0.15	2	0.87
7.7	0.32	2.1	0.86
7.75	0.19	3.1	0.86	75.79
7.8	0.15	5.3	0.86
7.85	0.15	2.9	0.87
7.9	0.4	4.4	0.87
7.95	0.21	3.6	0.87	
8	0.29	3.9	0.88	
8.05	0.24	4.4	0.9	
8.1	0.16	4.9	0.92	
8.15	0.3	4.6	0.93	
8.2	0.45	4.9	0.92	
8.25	0.3	4.2	0.93	
8.3	0.46	4.8	0.92	
8.35	0.36	2.4	0.93	
8.4	0.37	1.3	0.95	
8.45	0.16	2.5	0.96	
8.5	0.11	2.1	0.95	
8.55	0.16	5	0.97	
8.6	0.15	2.3	0.97	
8.65	0.37	3.4	0.96	
8.7	0.25	3.8	0.96	
8.75	0.25	4	0.97
8.8	0.47	2.4	0.98
8.85	0.44	3.3	0.98
8.9	0.21	3.6	0.98
8.95	0.37	2.6	0.98
9	0.34	1.4	0.99
9.05	0.28	4.5	0.99
9.1	0.25	2	0.98
9.15	0.43	1.4	0.99
9.2	0.16	3.1	0.99
9.25	0.16	2.1	0.98
9.3	0.25	3.7	0.99
9.35	0.29	2.6	1.01
9.4	0.42	1.6	1.02
9.45	0.21	2	1.03
9.5	0.26	1.9	1.02
9.55	0.24	4.1	1.03	
9.6	0.19	2.7	1.03	
9.65	0.49	3.6	1.03	
9.7	0.14	1.9	1.04	
9.75	0.32	3.3	1.03	97.66
9.8	0.28	2.6	1.04	
9.85	0.34	1.9	1.04	
9.9	0.29	4.4	1.12	
9.95	0.22	2.6	1.13	
10	0.47	1.9	1.12	
10.05	0.25	1.9	1.13	
10.1	0.3	2.3	1.11	
10.15	0.2	2.4	1.12	
10.2	0.31	4	1.12	
10.25	0.21	1.8	1.13	
10.3	0.51	2.9	1.11	
10.35	0.2	2.2	1.12
10.4	0.33	1.8	1.11
10.45	0.26	7.5	1.11
10.5	0.26	9.6	1.12
10.55	0.95	9.6	1.12
10.6	1.91	18.3	1.07
10.65	1.29	24.7	1.07
10.7	1.82	25.8	1.12
10.75	0.72	15.5	1.12
10.8	0.64	4.6	1.11
10.85	0.24	3.7	1.11
10.9	0.28	3	1.11
10.95	0.36	1.3	1.11
11	0.3	2.7	1.12
11.05	0.23	1.4	1.12
11.1	0.48	3.3	1.1
11.15	0.26	2.7	1.13
11.2	0.54	2.3	1.12
11.25	0.28	5	1.12
11.3	0.29	2.6	1.25
11.35	0.52	3.8	1.23
11.4	0.22	4.2	1.24
11.45	0.42	1.9	1.24
11.5	0.59	5.5	1.23
11.55	0.18	2.6	1.24
11.6	0.64	2	1.23
11.65	0.31	4.1	1.24
11.7	0.2	2.2	1.24
11.75	0.46	4.4	1.23	114.8
11.8	0.22	3.4	1.25
11.85	0.38	3.8	1.26
11.9	0.31	5.8	1.3
11.95	0.3	5.8	1.32	
12	0.5	5	1.3	
12.05	0.33	3.5	1.32	
12.1	0.39	3	1.31	
12.15	0.42	3.4	1.31	
12.2	0.26	4.2	1.32	
12.25	0.4	3.7	1.32	
12.3	0.61	4	1.33	
12.35	0.35	3.2	1.33	
12.4	0.5	5.4	1.33	
12.45	0.22	5.3	1.35	
12.5	0.41	5.9	1.35	
12.55	0.53	5	1.34	
12.6	0.35	5.7	1.37	
12.65	0.33	3.9	1.34	
12.7	0.59	4.8	1.35	
12.75	0.35	3.9	1.35
12.8	0.4	4.9	1.34
12.85	0.29	7.5	1.35
12.9	0.41	7	1.35
12.95	0.62	3	1.34
13	0.71	7.1	1.4
13.05	0.37	5.9	1.4
13.1	0.73	6.1	1.41
13.15	0.49	2.7	1.41
13.2	0.7	6.5	1.4
13.25	0.37	5.1	1.41
13.3	0.65	5.7	1.42
13.35	0.51	3.5	1.42
13.4	0.65	6.5	1.4
13.45	0.79	3.7	1.41
13.5	0.65	7	1.42
13.55	0.48	4.9	1.41	
13.6	0.54	2.3	1.41	
13.65	0.76	1.1	1.41	
13.7	0.21	3.4	1.42	
13.75	0.44	1.8	1.41	131.4
13.8	0.72	2.9	1.41	
13.85	0.46	3.9	1.42	
13.9	0.46	0.1	1.41	
13.95	0.43	2.3	1.49	
14	0.31	1.6	1.49	
14.05	0.49	4.7	1.49	
14.1	0.29	1.6	1.5	
14.15	0.41	0.8	1.5	
14.2	0.44	1.6	1.49	
14.25	0.45	2	1.49	
14.3	0.54	1.8	1.5	
14.35	0.4	6.5	1.52
14.4	0.89	8	1.5
14.45	0.7	5.9	1.49
14.5	0.93	3.2	1.5
14.55	0.4	1.6	1.51
14.6	0.47	3.6	1.5
14.65	0.36	3	1.51
14.7	0.67	1.9	1.52
14.75	0.51	1.5	1.51
14.8	0.38	1.2	1.52
14.85	0.37	0.5	1.51
14.9	0.43	1.5	1.5
14.95	0.43	2.6	1.54
15	0.42	5.4	1.56
15.05	0.72	0.5	1.55
15.1	0.89	2.4	1.55
15.15	0.53	4.3	1.54
15.2	0.73	2.6	1.54
15.25	0.86	4.6	1.54
15.3	0.67	3.6	1.54
15.35	0.99	6.1	1.54
15.4	0.68	3.8	1.55
15.45	0.8	3.2	1.57
15.5	0.64	4.4	1.56
15.55	0.36	5.1	1.59
15.6	0.83	3.7	1.57
15.65	0.71	2	1.59
15.7	0.73	5.6	1.56
15.75	0.47	1.4	1.57	141.34
15.8	0.74	1.7	1.57
15.85	0.55	0.8	1.57
15.9	0.51	2.9	1.58
15.95	0.47	2.3	1.67	
16	0.63	1.8	1.66
16.05	0.68	2.4	1.67	
16.1	0.45	5.3	1.68	
16.15	0.48	5.8	1.67	
16.2	0.72	2.7	1.68	
16.25	0.87	3.8	1.66	
16.3	0.61	2.4	1.66	
16.35	0.68	1.4	1.67	
16.4	0.59	2.3	1.67	
16.45	0.48	3.6	1.69	
16.5	0.82	0.7	1.71	
16.55	0.38	3.6	1.72	
16.6	0.44	1	1.72	
16.65	0.68	1.2	1.72	
16.7	0.53	2.4	1.72	
16.75	0.53	2.8	1.71
16.8	0.4	5.3	1.73
16.85	0.65	3.7	1.7
16.9	0.73	2.6	1.72
16.95	0.61	1.2	1.72
17	0.66	2.8	1.73
17.05	0.58	4.7	1.74
17.1	0.46	0.9	1.74
17.15	0.87	2.2	1.73
17.2	0.51	3.4	1.74
17.25	0.71	3.8	1.73
17.3	0.62	3.9	1.74
17.35	0.71	1.2	1.72
17.4	0.57	0.7	1.73
17.45	0.63	0.7	1.74
17.5	0.53	-0.7	1.74
17.55	0.84	3.2	1.74	
17.6	0.63	10.5	1.73	
17.65	1.35	33.8	1.75	
17.7	13.42	89.4	1.75	
17.75	19.83	139.8	1.81	149.54	
17.8	24.06	187.4	1.84	
17.85	20.63	214.5	1.91	
17.9	17.73	188.4	1.95	
17.95	18.57	142.1	1.98	
18	22.19	121.2	1.99	
18.05	26.48	180.9	2.07	
18.1	27.24	252.8	2.06	
18.15	25.35	243.6	2.08	
18.2	23.84	220.2	2.16	
18.25	18.34	214.8	2.17	
18.3	16.91	142.6	2.17	
18.35	15.41	105.2	2.18
18.4	14.09	122.9	2.18
18.45	13.91	82.3	2.33
18.5	16.05	97.4	2.33
18.55	15.86	122.8	2.33
18.6	12.73	128.7	2.35
18.65	8.84	118.9	2.38
18.7	6.92	72.7	2.4
18.75	6.65	25.7	2.41
18.8	7.55	36.6	2.41
18.85	7.11	96.5	2.41
18.9	3	99	2.4
18.95	1.44	42.3	2.41
19	1.15	5.1	2.4
19.05	0.91	1.4	2.41
19.1	0.64	3.6	2.41
19.15	0.62	4.3	2.41
19.2	0.87	5.9	2.41
19.25	0.84	2.3	2.41
19.3	1.01	1.8	2.42
19.35	0.62	4.4	2.42
19.4	0.62	4.5	2.41
19.45	0.94	4	2.41
19.5	0.72	5.1	2.42
19.55	0.72	3.4	2.41
19.6	0.85	6.9	2.4
19.65	0.52	5.3	2.41
19.7	0.99	8.6	2.4
19.75	0.72	8.6	2.42	160.09
19.8	0.92	7	2.41
19.85	0.73	9.8	2.42
19.9	0.7	6.8	2.4
19.95	0.84	9.8	2.41	
20	0.56	9.3	2.41	
20.05	0.64	9.3	2.64	
20.1	0.59	9.4	2.64	
20.15	0.63	12	2.65	
20.2	0.6	11	2.65	
20.25	0.71	9.1	2.64	
20.3	0.76	9.5	2.63	
20.35	0.56	9	2.66	
20.4	0.68	10.1	2.65	
20.45	0.73	8.3	2.65	
20.5	0.73	6.7	2.65	
20.55	0.57	7.7	2.66	
20.6	0.69	8.6	2.66	
20.65	0.72	8.1	2.65	
20.7	0.52	9.2	2.66	
20.75	0.58	10.4	2.66
20.8	0.84	8.6	2.64
20.85	0.7	12	2.66
20.9	0.74	10.8	2.65
20.95	0.84	9.9	2.65
21	0.77	8.7	2.67
21.05	0.67	9.9	2.66
21.1	0.7	11	2.66
21.15	0.74	13	2.66
21.2	0.79	11	2.65
21.25	1.11	9.3	2.66
21.3	1.04	10.9	2.66
21.35	0.82	10.6	2.65
21.4	0.89	10.2	2.66
21.45	0.79	9.4	2.66
21.5	0.72	8.4	2.66
21.55	0.67	9	2.66	
21.6	0.59	9.5	2.66	
21.65	0.74	10.1	2.66	
21.7	0.82	9.9	2.64	
21.75	0.71	9.5	2.67	175.08	
21.8	0.71	11.4	2.66	
21.85	0.78	10.3	2.65	
21.9	1.02	10.8	2.65	
21.95	0.66	10.4	2.67	
22	0.77	9.5	2.66	
22.05	0.85	8.8	2.66	
22.1	0.85	7.2	2.66	
22.15	0.76	8.2	2.67	
22.2	0.83	7	2.66	
22.25	0.89	7.7	2.65	
22.3	0.82	8.5	2.66	
22.35	0.75	8.7	2.67
22.4	0.83	8.5	2.66
22.45	0.88	11.4	2.67
22.5	0.78	16.8	2.67
22.55	2.01	19	2.66
22.6	2.07	28.5	2.98
22.65	1.62	28	3.01
22.7	0.89	16.5	3
22.75	0.97	7.6	3.01
22.8	1.01	8.6	3.01
22.85	0.77	9.9	3.06
22.9	1.03	7.5	3.05
22.95	1.15	6.8	3.06
23	1.24	9	3.07
23.05	0.87	13	3.07
23.1	0.75	15.1	3.09
23.15	1.14	38.8	3.07
23.2	4.21	88.5	3.09
23.25	17.03	202.6	3.16
23.3	21.45	291	3.17
23.35	21.47	283.9	3.17
23.4	19.92	281.9	3.18
23.45	19.76	286.3	3.18
23.5	19.89	260.8	3.18
23.55	18.63	287.3	3.18
23.6	17.16	276.4	3.19
23.65	15.06	228.4	3.18
23.7	11.18	123	3.19
23.75	7.18	73.6	3.19	186.4
23.8	3.61	44	3.4
23.85	2.34	18.6	3.36
23.9	2.33	10.9	3.4
23.95	2.46	40.4	3.42	
24	2.11	42.4	3.46	
24.05	2.45	48.8	3.46	
24.1	2.47	46.1	3.47	
24.15	2.74	39.3	3.51	
24.2	2.72	33.4	3.47	
24.25	2.22	35.6	3.5	
24.3	2.58	28.8	3.5	
24.35	2.34	36.8	3.53	
24.4	2.36	42.3	3.53	
24.45	2.64	53	3.54	
24.5	2.59	69.5	3.54	
24.55	2.76	74	3.55	
24.6	2.93	61.2	3.55	
24.65	2.77	47	3.67	
24.7	2.45	41.7	3.67	
24.75	2.52	40.4	3.69
24.8	2.78	51.2	3.71
24.85	2.76	76.6	3.75
24.9	3.31	94.9	3.77
24.95	3.84	113.9	3.82
25	3.72	139.9	3.82
25.05	3.94	161.2	3.83
25.1	4.41	199	3.84
25.15	5.18	257.3	3.82
25.2	5.95	312.3	3.82
25.25	8	361.1	3.81
25.3	11.46	407.9	3.8
25.35	15.39	386.1	3.81
25.4	17.54	374.5	3.82
25.45	18.97	434.1	3.81
25.5	19.68	362.7	3.82
25.55	20.2	110.4	3.81	
25.6	14.56	166.3	3.81	
25.65	6.89	112.9	3.81	
25.7	3.97	72.6	3.82	
25.75	2.88	40.8	3.84	193.45	
25.8	2.52	54.7	3.84	
25.85	2.65	70.6	3.83	
25.9	2.69	79.7	3.86	
25.95	2.5	85.5	3.85	
26	2.2	61.9	3.89	
26.05	1.88	37.9	3.91	
26.1	1.65	17.4	3.91	
26.15	1.5	9.5	3.91	
26.2	1.49	7.6	3.96	
26.25	1.58	10.7	3.97	
26.3	1.57	22.9	3.97	
26.35	2.34	83.8	3.97
26.4	3.88	163.7	3.99
26.45	3.23	161.6	3.98
26.5	2.79	113.4	3.99
26.55	2.55	98.9	4.03
26.6	2.38	94.9	4.03
26.65	3.31	75.6	4.02
26.7	3.49	101.1	4.02
26.75	3.46	119.9	4.01
26.8	3.57	129.7	4.03
26.85	3.24	146.7	4.04
26.9	3.25	135.2	4.04
26.95	4.5	134.2	4.04
27	3.27	99.3	4.05
27.05	2.81	55.3	4.06
27.1	2.28	74.9	4.11
27.15	2.55	96.5	4.12
27.2	5.13	100.3	4.13
27.25	3.87	109.9	4.13
27.3	2.64	92.8	4.19
27.35	2.32	82.5	4.2
27.4	2.59	98.7	4.18
27.45	2.78	140.6	4.2
27.5	3.47	154.2	4.19
27.55	3.73	110.5	4.2
27.6	2.93	74.9	4.26
27.65	1.99	40.4	4.27
27.7	1.8	24.1	4.27
27.75	1.29	17.1	4.27	202.84
27.8	1.38	16	4.28
27.85	1.39	15.1	4.27
27.9	1.67	25.2	4.27
27.95	1.73	29.2	4.27	
28	1.96	26.1	4.31	
28.05	1.88	21.4	4.31	
28.1	1.78	22.2	4.3	
28.15	1.87	32.2	4.32	
28.2	2.39	49.5	4.34	
28.25	2.94	118.4	4.35	
28.3	4.13	161.7	4.36	
28.35	4.75	275.7	4.41	
28.4	5.71	259.4	4.43	
28.45	13.53	191.4	4.43	
28.5	15.26	360.2	4.46	
28.55	12.47	506.1	4.48	
28.6	16.25	535.9	4.56	
28.65	25.23	476.2	4.59	
28.7	29.72	447.5	4.63	
28.75	28.96	467.6	4.62
28.8	32.03	536.3	4.63
28.85	31.74	535.9	4.72
28.9	31.45	470.1	4.76
28.95	30.57	411.1	4.77
29	28.14	401.5	4.81
29.05	23.87	334.6	4.81
29.1	19.91	240.8	4.84
29.15	17.41	188.8	4.84
29.2	14.13	161.6	4.84
29.25	9.55	159.1	4.83
29.3	5.82	205	4.82
29.35	3.99	134	4.79
29.4	4.83	139.2	4.48
29.45	5.24	210.2	5.22
29.5	23.76	201	5.06
29.55	37.6	210.8	5.02	
29.6	32.61	197.4	5.03	
29.65	22.47	240.1	5.01	
29.7	11.07	259.3	5	
29.75	5.47	187.4	5	210.72
29.8	4.1	141.1	5.01	
29.85	4.23	94	5.03	
29.9	2.53	53.2	5.04	
29.95	1.73	28.5	5.03	
30	1.99	27.2	5.02	
30.05	1.8	37.4	5.02	
30.1	1.84	39.5	5.06	
30.15	1.95	37.6	5.08	
30.2	2.03	55.2	5.31	
30.25	2.28	54.8	5.03	
30.3	1.95	52.2	5	
30.35	2.42	61.6	4.97
30.4	2.86	80.6	4.96
30.45	2.93	91.1	4.91
30.5	3.04	88.6	4.9
30.55	3.38	94.9	4.9
30.6	3.29	96.5	4.9
30.65	3.11	93.3	4.9
30.7	3.4	85.8	4.91
30.75	3.6	95.8	4.91
30.8	3.82	103.3	4.93
30.85	4.04	118	4.95
30.9	3.76	106.1	4.95
30.95	3.49	90	4.96
31	3.54	99.3	4.96
31.05	3.46	116.3	4.97
31.1	3.79	96.4	4.96
31.15	3.73	93.2	4.99
31.2	3.49	106.2	5.03
31.25	3.15	96.3	5.11
31.3	3.48	105.5	5.12
31.35	3.31	114	5.25
31.4	3.05	110.4	5.31
31.45	2.82	104.6	5.34
31.5	2.82	100.5	5.49
31.55	3.03	93.1	5.5
31.6	2.84	82.8	5.53
31.65	2.87	75.5	5.59
31.7	2.89	81.1	5.6
31.75	2.7	88.2	5.61	220.21
31.8	3.07	86.9	5.62
31.85	2.85	85.7	5.71
31.9	2.58	79.5	5.72
31.95	2.41	-32768	5.73	
32	2.58	-32768	5.72	
